279	543
142	169
310	167
364	456
272	416
370	346
117	106
281	250
341	229
302	492
330	237
86	315
151	138
241	304
14	307
364	95
343	255
129	351
383	262
384	298
262	195
300	61
196	221
275	431
295	551
233	190
368	344
334	424
542	326
479	331
343	374
466	145
296	517
163	389
421	246
257	161
330	226
246	458
328	37
134	381
347	373
373	220
173	176
110	154
351	112
444	284
237	343
319	575
330	295
289	257
409	184
204	507
287	225
225	190
288	244
164	302
289	218
300	309
289	115
391	53
288	312
407	340
283	25
320	204
525	312
194	345
302	531
296	401
314	240
193	289
284	121
336	194
396	328
460	362
321	323
313	140
341	384
147	260
297	355
298	452
403	289
363	219
112	465
293	173
302	139
267	63
419	309
266	366
296	543
223	281
327	94
420	334
360	309
329	563
510	328
303	488
343	354
334	116
314	494
328	190
321	328
330	230
300	69
545	241
272	277
225	413
86	422
379	407
346	496
491	153
210	182
508	298
425	432
95	263
445	490
251	285
381	445
306	221
341	561
196	221
281	72
301	508
300	245
281	486
392	335
284	14
185	397
309	101
268	563
159	402
462	376
355	178
475	217
244	182
297	296
281	123
245	104
373	542
291	333
293	129
412	387
320	431
251	538
487	249
371	281
270	396
147	441
270	390
296	173
107	348
395	498
103	346
162	144
507	191
268	199
296	332
550	302
315	166
139	157
202	286
358	483
306	269
268	261
110	378
276	259
367	212
373	408
214	217
194	557
326	311
365	432
298	541
217	193
390	503
294	313
343	374
272	332
253	494
419	227
379	142
129	332
257	337
342	222
89	251
204	155
263	107
284	425
213	320
294	195
295	556
341	415
344	207
384	428
168	415
477	411
229	272
264	361
194	537
294	100
321	288
398	336
316	247
261	316
249	484
353	145
354	305
157	262
489	437
433	172
308	514
327	229
243	149
338	465
430	87
449	325
309	196
423	136
265	105
399	400
325	353
300	278
290	48
526	362
350	36
294	343
54	300
257	358
281	262
119	207
107	303
327	102
290	553
283	383
302	184
262	52
198	456
153	530
246	478
359	514
96	288
171	382
295	174
367	186
331	592
309	573
377	214
287	559
261	299
221	402
284	351
207	240
254	344
309	114
210	434
362	38
440	397
435	48
217	444
287	582
377	395
467	102
205	374
93	144
453	249
224	225
231	260
468	185
186	348
275	300
328	306
321	36
342	466
367	111
304	264
361	107
481	436
248	195
469	201
478	204
90	272
288	172
364	361
170	419
392	255
130	344
375	518
149	191
330	416
447	304
275	340
329	307
274	124
309	228
148	542
320	27
253	10
420	271
191	300
274	184
182	454
340	250
299	292
300	87
307	348
279	204
107	268
298	97
304	377
436	82
296	135
285	412
378	506
243	24
234	215
376	416
278	419
330	449
401	82
300	107
498	497
188	292
387	438
307	101
241	414
312	179
394	350
270	428
232	192
432	312
432	243
446	303
161	452
306	141
374	138
352	211
326	271
294	31
335	348
198	340
44	233
271	27
126	389
433	496
129	347
381	384
308	215
242	77
314	347
270	326
345	227
345	333
148	317
182	405
290	404
440	269
477	193
298	107
288	203
308	119
66	172
277	241
306	556
181	459
142	394
306	130
372	240
525	193
113	164
89	460
278	180
286	254
394	99
300	368
329	125
288	168
359	484
309	509
391	252
348	347
404	360
246	247
387	120
316	534
65	338
301	214
287	388
302	170
288	338
298	462
376	173
353	437
460	328
381	163
300	247
504	262
310	393
285	305
109	300
249	211
143	436
220	552
380	268
248	360
304	152
205	75
351	101
383	259
323	102
287	350
123	333
269	329
306	544
312	592
87	243
95	371
142	202
302	71
228	252
281	169
423	464
380	248
490	394
143	344
229	467
188	522
234	171
479	292
204	300
304	378
343	472
404	180
426	352
357	451
173	474
31	382
328	272
285	35
84	391
314	312
134	127
454	381
383	575
235	361
368	385
430	314
373	558
541	391
326	535
300	174
441	430
429	298
281	229
238	115
302	530
439	381
292	201
227	174
294	303
278	445
234	519
517	202
220	192
330	247
259	378
374	44
301	440
301	303
275	137
300	509
204	248
257	531
388	308
345	349
279	447
405	101
489	424
353	167
182	184
380	239
204	388
360	199
306	554
432	142
325	233
339	516
33	347
357	414
513	159
281	433
304	5
433	318
259	408
265	102
263	550
298	399
260	370
229	102
319	223
159	113
275	552
380	424
300	508
279	139
307	494
297	182
308	580
230	433
314	159
400	538
522	371
317	141
303	175
376	270
300	451
307	15
404	209
360	226
415	160
504	270
136	295
326	366
491	228
460	176
306	465
373	247
249	486
537	409
300	534
166	327
24	312
280	420
309	154
242	391
246	452
300	155
230	209
112	314
177	479
99	330
247	115
495	162
164	270
290	340
336	253
261	163
285	89
381	300
224	114
239	302
184	564
429	514
300	371
433	59
20	279
162	488
270	440
291	163
154	244
124	300
282	538
310	408
217	341
307	18
262	240
261	524
335	195
292	128
447	276
115	323
175	237
294	568
390	242
387	441
337	286
310	70
302	213
435	94
279	118
196	370
304	453
283	554
125	404
157	322
354	220
296	525
304	286
148	358
261	531
190	396
165	371
433	332
267	420
131	285
347	321
428	316
595	292
327	370
304	167
301	517
263	457
417	372
166	253
340	381
303	555
281	206
367	58
160	314
379	182
300	431
282	513
295	101
210	323
305	306
401	170
319	151
232	509
11	300
306	355
196	494
289	64
398	61
39	406
521	254
254	507
466	426
432	265
178	89
364	399
324	160
271	197
328	184
282	27
464	334
215	284
287	479
173	143
144	288
252	337
324	544
345	453
517	189
417	322
385	181
380	165
334	470
391	387
491	430
227	240
422	386
362	460
239	244
175	206
133	280
410	331
246	528
331	563
242	300
302	389
376	225
257	510
320	421
305	286
236	499
293	65
260	348
279	252
282	166
351	184
362	72
132	226
370	285
281	539
234	531
60	442
480	225
176	110
500	200
239	361
487	369
170	292
135	357
305	405
260	530
374	259
236	541
208	365
336	432
287	153
271	563
340	179
279	365
388	264
303	426
296	176
365	466
266	349
102	360
479	217
298	412
224	78
118	422
262	21
486	330
300	120
369	94
366	313
347	446
152	454
325	413
355	282
149	357
223	583
408	313
312	515
311	300
237	317
234	513
157	301
311	404
157	501
320	103
122	118
99	345
447	360
130	222
255	294
391	431
178	372
226	407
309	137
290	530
310	260
316	199
329	494
174	533
232	409
80	184
448	291
293	142
301	44
214	222
126	316
452	150
334	379
330	543
300	107
79	314
306	73
526	196
292	387
329	14
301	508
302	116
126	150
385	261
248	290
267	320
453	298
382	212
478	255
444	394
236	349
348	510
301	342
108	462
269	583
217	418
240	409
326	112
293	418
337	280
382	559
294	561
333	248
265	267
183	330
417	143
388	183
355	522
314	319
263	588
271	387
309	408
298	572
311	187
378	239
202	214
191	154
280	440
258	147
233	425
300	264
81	352
111	315
333	151
393	77
300	68
132	206
454	493
361	357
266	99
302	554
294	50
468	161
169	155
462	279
300	524
266	471
292	451
300	72
305	463
296	180
324	449
464	298
304	293
371	416
328	114
281	418
205	396
250	52
301	262
436	402
300	499
283	127
267	272
298	93
310	287
308	326
264	367
263	75
396	428
85	257
380	521
233	176
293	354
311	433
389	477
395	130
199	97
330	398
377	308
290	410
451	361
333	355
144	413
294	23
231	119
269	434
367	215
320	152
309	428
78	279
212	278
311	208
98	269
314	97
287	208
99	379
182	404
517	406
391	390
325	217
245	81
301	179
203	361
185	486
426	129
388	273
284	220
245	457
297	185
273	342
370	254
430	251
303	108
244	281
236	341
414	197
248	72
288	74
295	193
408	92
286	314
246	310
460	395
524	260
197	135
439	68
299	84
109	188
371	313
282	298
273	416
302	292
291	449
339	543
281	542
486	280
392	433
366	342
252	419
400	313
411	333
540	374
195	268
300	152
318	483
282	514
195	141
262	212
174	339
316	169
292	322
332	206
230	307
174	226
301	137
275	120
368	236
271	470
293	192
353	431
468	98
262	284
438	82
311	504
259	352
400	124
365	560
209	208
412	289
239	393
317	506
7	300
279	446
346	73
194	257
329	495
217	108
274	267
401	280
301	114
233	145
259	484
300	49
329	374
306	94
418	486
150	422
392	265
261	329
299	165
256	542
305	307
335	115
304	270
277	540
189	389
364	398
442	407
242	405
252	121
284	189
438	388
539	305
321	211
306	24
327	29
135	274
240	452
299	250
483	451
88	179
227	351
515	299
301	262
295	475
300	238
259	225
350	438
413	362
328	520
311	518
370	128
330	583
246	515
390	182
227	381
578	298
85	296
252	400
530	315
303	297
428	414
437	290
337	496
313	350
166	380
196	392
323	211
238	498
336	366
182	341
202	182
326	383
329	556
62	304
330	269
235	524
300	171
442	534
335	230
307	404
486	383
307	140
276	281
343	38
218	314
473	169
432	328
397	441
304	467
300	546
285	499
37	239
311	530
244	205
336	509
449	319
357	342
496	219
213	539
300	419
315	272
221	361
405	93
380	221
277	239
412	278
411	243
292	222
266	475
343	17
376	481
371	360
139	360
547	207
147	411
353	375
374	161
314	277
243	122
290	98
300	464
294	519
253	458
306	284
99	363
155	193
248	127
322	586
294	128
297	300
276	73
287	237
375	543
404	478
216	91
322	393
247	248
286	142
274	314
197	108
149	336
228	72
538	315
103	321
387	297
259	563
175	442
278	191
306	265
414	275
273	148
277	53
299	48
300	331
276	224
83	319
335	534
430	273
413	232
258	552
236	174
367	96
193	489
408	276
371	65
435	379
358	316
253	320
293	112
300	133
256	360
296	360
301	124
285	576
277	373
284	236
330	471
468	338
336	271
324	229
315	186
266	465
330	578
314	18
281	357
209	94
319	398
287	310
310	480
436	442
300	513
428	503
205	192
204	413
380	363
428	407
369	437
323	318
459	237
389	87
296	323
298	87
43	314
267	268
159	196
305	492
107	268
279	347
296	215
262	452
192	335
274	382
315	226
285	94
245	38
250	73
304	320
371	81
439	272
397	535
252	68
313	557
562	269
226	63
165	495
360	347
303	568
407	333
359	114
268	278
501	404
286	59
195	342
265	352
139	258
244	105
311	430
307	26
548	243
229	329
250	37
406	135
460	177
285	535
309	340
177	371
76	292
291	236
328	471
128	391
364	348
258	46
300	271
300	586
293	115
213	511
312	143
360	187
558	282
260	422
431	347
168	355
461	267
308	430
298	55
238	423
327	240
243	146
192	336
274	363
318	118
253	178
566	299
475	174
443	244
215	47
304	385
355	338
262	350
159	222
394	100
341	147
331	161
247	132
380	487
303	177
425	142
229	452
229	270
293	224
198	525
289	73
376	368
203	350
321	46
161	238
18	345
382	374
229	438
300	351
398	457
177	179
221	94
290	457
278	547
304	505
134	299
359	372
148	378
295	41
317	567
313	236
231	169
260	317
309	124
250	570
489	156
333	545
260	283
330	305
283	81
240	407
400	173
128	220
94	430
300	91
218	474
116	278
437	301
288	464
267	538
292	46
319	138
454	417
231	481
281	479
513	416
180	451
261	152
250	272
317	329
343	264
236	385
246	310
211	83
466	400
324	252
252	395
332	328
260	130
300	328
405	157
348	402
298	62
470	306
372	108
281	287
280	511
265	303
427	121
332	51
326	326
295	149
319	468
278	300
269	408
164	154
312	416
301	474
275	548
122	364
299	26
298	193
67	262
326	568
238	324
353	179
237	321
466	187
221	255
303	223
300	382
303	298
146	350
300	31
316	338
375	366
460	123
255	363
149	276
301	409
262	394
527	336
298	593
302	14
454	441
325	445
225	320
284	314
389	193
276	275
387	108
236	585
266	121
270	299
304	390
417	100
74	418
103	252
301	456
308	317
380	235
282	260
415	417
288	372
253	487
312	364
204	276
161	234
317	577
334	240
400	275
86	196
270	338
333	411
323	269
345	472
551	352
383	452
314	360
180	45
322	57
297	13
290	269
314	427
398	105
475	347
220	210
376	118
275	159
276	443
295	229
184	194
231	328
235	275
333	559
409	256
240	406
287	364
339	276
392	352
300	271
341	468
302	254
298	20
213	545
335	142
90	227
227	152
275	277
514	450
304	50
95	132
206	219
534	336
211	311
355	501
264	574
281	348
525	273
434	377
156	56
301	467
300	183
284	181
205	94
421	238
300	166
486	358
140	116
359	201
287	444
292	340
344	251
338	208
248	274
301	430
365	207
151	288
288	303
296	563
294	352
372	216
189	404
270	151
257	560
313	162
280	203
322	386
242	399
414	456
247	144
336	82
445	288
488	361
295	229
202	184
244	290
272	284
409	570
301	250
214	509
215	230
315	86
171	295
357	366
413	59
553	357
226	120
377	296
431	530
242	189
320	435
275	23
120	380
314	228
281	270
193	104
358	398
202	332
397	281
289	289
261	101
202	250
348	139
354	279
451	252
330	45
323	491
338	26
384	455
348	212
304	575
274	468
215	306
405	487
219	249
205	82
272	181
289	251
214	506
276	290
488	256
287	315
275	69
117	208
311	143
312	581
168	242
244	174
241	558
353	306
302	364
265	392
386	415
254	231
459	328
530	320
244	133
308	401
143	225
303	454
323	117
565	299
27	289
312	52
298	171
545	242
409	390
139	335
176	416
368	158
302	528
174	435
522	199
421	354
488	172
232	293
294	135
457	350
274	87
477	297
441	163
310	14
317	436
302	294
463	242
302	154
463	387
291	192
446	160
260	508
129	189
461	467
241	38
294	176
220	438
406	376
370	181
14	292
300	370
313	325
246	30
303	258
441	309
321	60
250	289
69	422
291	33
216	126
299	162
111	364
204	29
256	7
248	428
364	163
362	65
258	427
415	205
226	382
249	208
333	171
278	175
375	307
299	221
402	305
390	145
305	275
211	384
216	349
334	17
239	493
413	158
271	588
500	142
406	194
439	372
266	575
282	129
182	59
394	249
294	278
344	381
307	241
306	171
433	272
362	261
302	429
562	427
241	381
259	139
402	279
323	302
142	273
287	398
282	233
170	347
150	493
281	384
359	132
308	261
371	116
300	353
324	500
278	421
209	164
451	391
379	354
278	224
204	500
201	41
280	389
239	55
368	305
290	429
391	262
377	310
176	189
296	300
200	267
523	322
347	526
285	37
433	93
191	383
302	541
285	31
29	308
235	223
134	331
328	570
260	135
189	187
232	301
265	146
375	325
295	337
372	574
358	429
258	435
300	180
261	476
322	425
154	162
262	92
220	137
345	493
303	346
335	61
488	376
157	232
192	280
190	201
344	217
241	38
155	406
200	507
78	264
290	76
204	314
247	357
405	154
78	445
246	341
337	136
287	497
240	434
249	218
305	336
137	122
249	82
447	444
351	201
386	222
307	288
262	300
163	203
270	357
420	509
319	118
278	185
203	151
332	487
399	404
347	299
354	511
105	307
502	436
411	207
109	392
557	291
266	354
288	129
380	408
210	349
446	301
235	499
290	481
307	66
385	215
347	523
243	203
250	433
289	75
365	106
377	453
117	425
207	174
292	306
459	477
358	504
325	484
54	258
229	17
420	446
351	232
253	535
297	161
479	286
283	586
309	358
89	223
177	101
300	444
429	174
24	355
481	317
260	78
275	288
471	355
255	45
197	159
405	82
221	431
487	465
412	267
201	269
74	265
196	203
469	299
266	355
320	302
328	451
226	470
286	248
360	297
288	568
322	53
270	550
259	37
355	573
297	324
514	260
152	377
284	349
343	369
365	215
541	433
324	200
372	156
293	468
297	15
284	538
379	459
189	172
296	324
441	497
290	204
245	341
417	120
417	387
370	196
307	196
79	228
437	380
325	195
492	449
300	69
406	460
285	23
318	593
185	402
313	268
344	535
336	114
300	347
300	476
520	365
178	200
404	315
128	208
239	247
73	357
270	540
350	454
386	295
211	174
366	370
393	314
297	536
509	152
403	460
275	392
270	59
276	173
135	447
273	42
171	266
290	572
261	390
409	258
332	384
306	353
222	430
239	313
305	480
295	68
453	258
130	174
431	471
365	209
327	454
269	68
315	509
197	249
267	525
217	416
303	122
296	180
250	392
236	289
260	187
242	286
455	477
297	129
277	254
312	163
428	334
409	107
226	58
463	257
138	301
415	424
416	416
340	324
303	253
209	390
273	40
159	306
292	494
54	163
471	186
392	341
275	334
285	442
251	479
361	286
357	378
186	205
317	223
178	366
129	152
414	185
160	255
275	279
153	299
312	181
453	502
266	141
122	467
268	329
299	268
295	433
204	413
240	61
51	260
290	116
510	422
333	261
368	88
292	66
328	555
289	256
336	300
332	73
252	429
490	441
530	276
244	294
274	398
129	311
269	66
351	262
309	47
324	531
68	170
300	48
290	344
247	193
343	332
307	216
359	67
305	164
217	65
343	334
458	283
303	292
376	128
363	73
309	478
586	354
297	587
334	466
52	343
300	455
285	156
416	211
305	237
233	153
272	521
326	394
301	558
239	219
301	418
460	245
403	429
301	240
188	177
462	190
307	534
277	371
381	437
387	241
294	74
215	98
145	159
226	448
363	458
441	253
188	327
74	318
255	424
164	153
329	519
520	448
269	374
425	486
119	300
305	27
416	444
242	420
109	301
223	328
525	371
304	176
260	236
202	314
264	481
377	381
360	250
278	148
322	332
315	217
163	237
308	211
273	25
317	560
317	577
286	295
407	54
537	330
168	447
327	487
274	149
405	46
337	334
240	189
291	592
213	417
508	230
316	459
318	283
138	82
391	451
181	380
287	236
212	446
329	339
322	208
326	480
284	479
407	76
190	449
327	452
321	400
198	188
312	562
335	403
330	106
296	188
177	213
149	486
227	390
302	517
315	478
423	199
376	289
424	463
361	350
371	112
391	386
89	347
466	130
225	324
398	245
230	361
320	409
312	258
356	444
309	269
301	108
245	412
263	140
340	320
222	107
306	549
219	207
273	452
383	79
179	511
469	412
310	412
319	378
301	384
196	133
230	174
327	329
433	475
320	178
214	318
300	80
313	339
296	348
373	423
483	454
150	414
360	330
446	274
141	421
467	218
265	169
250	336
343	312
317	280
554	318
278	64
416	236
196	218
384	332
323	221
287	262
292	340
453	445
189	564
145	398
288	418
223	254
379	404
385	534
397	394
196	437
331	225
344	196
230	186
283	219
323	522
243	292
249	64
232	122
144	512
234	317
270	521
300	300
312	223
372	302
316	377
315	338
330	416
340	306
297	459
425	288
441	386
199	457
441	474
256	336
394	242
174	262
498	169
264	37
399	98
279	119
263	160
442	297
278	216
415	138
360	136
184	110
252	537
533	301
252	83
198	233
440	502
302	3
326	493
303	131
300	11
259	387
253	38
403	315
330	242
267	239
531	433
325	185
309	225
332	544
313	597
540	398
250	364
414	451
489	378
329	158
288	35
138	315
314	440
416	379
467	309
146	97
248	505
162	117
375	274
450	225
208	168
165	334
311	297
494	382
65	270
337	153
211	221
358	530
307	101
365	281
269	420
464	252
78	190
344	446
375	218
183	472
300	413
302	132
304	55
337	541
285	497
242	121
360	196
299	27
258	192
355	468
312	445
43	356
220	95
386	489
323	362
371	292
347	137
521	261
300	199
296	485
257	169
272	251
200	289
329	191
323	328
390	500
516	365
261	278
489	500
341	536
339	418
396	460
292	209
59	379
71	243
222	196
288	575
301	457
358	416
275	449
253	100
243	124
544	253
300	452
452	77
476	419
343	572
307	498
327	37
334	504
292	41
364	183
450	328
253	589
305	523
293	267
431	308
142	313
224	336
234	228
380	283
280	407
272	187
306	523
298	491
290	254
133	463
167	290
141	91
279	330
466	307
345	356
327	477
241	145
322	348
51	353
379	179
315	424
217	470
317	362
299	433
352	483
293	206
305	169
298	86
322	533
454	504
116	304
549	296
379	380
393	150
298	160
120	454
93	415
297	594
342	184
299	230
411	133
100	255
351	175
369	190
154	470
237	486
402	257
447	346
139	428
361	96
208	101
428	549
510	295
314	471
275	299
228	360
450	296
261	322
134	360
187	425
191	282
486	309
387	336
308	536
271	413
320	308
336	562
229	217
488	356
270	406
296	570
167	445
232	132
171	268
386	223
332	490
74	245
311	163
240	393
329	237
233	69
291	595
293	236
259	131
316	365
271	314
302	164
330	81
163	431
385	453
413	347
228	82
238	251
240	188
379	49
376	62
310	547
46	371
381	450
386	287
283	598
245	361
228	168
66	326
245	326
307	389
310	500
388	177
320	16
350	486
381	258
293	88
466	134
171	56
311	331
333	267
414	224
439	332
198	221
367	471
483	195
572	315
193	457
543	300
262	261
205	321
265	61
307	91
437	319
212	300
402	336
295	70
348	544
293	348
289	275
321	575
290	491
238	310
300	465
300	121
334	91
342	79
549	388
485	153
310	346
282	435
379	18
165	407
364	258
505	253
209	122
294	383
278	291
430	340
296	156
271	84
269	364
407	175
235	71
229	275
293	589
381	510
253	364
311	521
169	129
277	573
328	538
376	474
378	301
280	175
399	316
226	209
278	564
144	300
216	478
178	422
287	494
353	554
135	327
124	271
439	500
503	254
174	463
181	353
336	411
278	272
348	47
415	221
297	334
274	373
339	58
365	131
281	262
419	452
306	374
374	228
447	377
245	374
308	384
208	43
240	261
296	308
294	53
317	142
326	547
472	430
156	363
293	316
192	484
372	399
385	462
490	396
294	490
299	28
241	129
296	440
281	272
224	391
331	181
415	549
299	558
272	249
444	349
371	470
112	484
311	473
223	418
341	267
442	484
505	413
283	26
204	262
336	64
257	380
435	349
461	271
243	101
342	8
278	332
356	200
326	66
208	113
305	564
229	420
376	520
219	380
163	333
380	415
134	393
438	488
335	480
373	441
237	205
283	208
543	396
226	86
346	183
373	182
287	437
173	486
341	486
358	77
300	364
402	182
413	196
409	88
307	377
511	201
476	429
221	177
233	294
340	134
287	292
410	205
287	78
272	532
358	89
279	327
153	369
443	243
381	112
365	328
424	549
335	484
298	133
278	400
186	269
441	482
316	29
334	237
422	220
236	31
445	388
306	118
441	185
461	211
307	396
196	229
289	94
136	319
253	92
313	183
138	358
277	408
215	144
297	579
318	540
340	259
273	165
208	130
290	203
477	198
336	507
446	432
210	33
376	94
327	342
293	365
183	308
493	170
435	230
276	497
427	94
309	582
287	436
243	507
521	495
214	114
210	96
280	95
226	149
337	454
374	340
253	440
274	391
460	494
495	445
465	285
301	145
292	485
86	319
289	209
286	583
158	525
403	395
294	95
299	518
318	555
448	186
140	424
331	150
374	435
480	144
189	183
176	48
291	363
254	489
298	183
361	150
352	57
243	492
131	533
300	370
332	208
250	567
423	291
274	207
362	507
430	60
314	507
49	201
251	270
231	341
288	171
306	366
509	236
100	304
529	375
321	161
283	324
312	73
490	382
386	180
471	216
282	527
323	20
283	329
351	523
245	165
172	248
364	306
225	321
285	112
32	185
368	174
165	326
270	442
524	185
32	385
262	500
272	118
252	38
310	347
283	263
152	318
404	194
300	239
398	226
378	444
70	230
422	429
121	471
381	106
173	322
300	243
298	34
379	191
308	364
309	194
414	265
377	491
460	246
185	104
509	324
301	374
364	406
309	158
219	361
384	300
492	491
273	330
256	175
148	253
421	216
284	412
272	321
370	500
212	289
334	85
161	289
133	130
99	264
486	302
310	39
252	44
475	315
469	197
296	398
248	294
400	324
456	103
288	194
268	26
300	500
176	122
266	143
295	183
308	240
141	386
278	500
298	141
299	47
256	490
438	133
324	276
484	391
340	264
173	274
275	491
217	72
314	254
149	446
330	417
231	268
45	239
291	486
290	390
455	315
304	415
301	297
110	255
338	435
434	317
199	246
247	303
210	118
285	548
420	258
300	133
300	377
391	410
300	259
271	467
393	344
330	377
285	223
294	557
287	188
301	448
265	415
303	519
358	436
217	481
329	79
284	282
261	461
287	397
300	116
368	168
489	261
91	167
229	280
381	565
301	212
206	351
419	150
321	249
232	297
215	349
305	44
341	108
210	153
64	327
296	384
219	340
444	200
260	472
363	509
300	81
267	283
333	557
312	234
283	324
309	460
336	311
313	2
328	140
299	283
243	413
231	422
273	300
96	355
309	412
313	274
398	365
170	533
274	391
224	84
264	261
331	217
300	10
288	100
377	173
479	234
302	63
269	490
289	85
302	439
323	458
238	431
179	434
308	242
306	480
252	358
364	243
313	482
301	548
349	243
244	566
289	528
242	59
475	272
185	526
121	154
420	428
294	162
292	441
308	184
176	341
302	596
373	160
344	407
334	495
208	369
237	349
305	343
297	50
567	317
353	233
228	517
316	232
270	324
237	429
164	115
89	347
300	392
216	175
478	522
275	589
449	143
359	348
212	161
298	279
428	378
264	475
308	196
364	559
95	345
255	277
275	245
54	260
349	403
176	177
380	165
189	187
300	249
41	302
225	328
138	200
112	228
19	313
318	225
286	528
514	278
322	173
304	191
233	256
481	312
287	596
302	315
433	67
410	347
300	71
230	101
438	105
196	339
566	203
294	495
54	323
123	171
339	172
366	511
424	287
300	207
545	335
526	412
273	402
216	332
346	160
300	233
256	448
337	51
426	309
308	180
319	193
290	254
361	158
286	137
147	310
263	300
254	268
299	283
395	90
306	519
312	36
478	297
201	375
356	328
359	183
226	120
260	24
181	205
359	522
381	359
359	249
266	300
302	552
386	414
225	335
256	489
325	520
442	326
397	346
258	542
96	160
297	518
207	152
379	224
249	506
396	282
568	391
256	481
230	443
327	537
199	157
347	252
338	424
378	219
311	206
154	184
276	438
345	366
390	328
536	296
96	153
308	438
65	222
491	79
271	118
400	97
346	563
397	188
232	290
307	339
290	309
208	117
125	343
454	367
289	343
302	431
250	358
225	295
292	329
188	433
301	560
238	485
237	256
27	389
478	217
321	345
297	576
354	346
337	445
172	216
494	388
465	293
483	391
268	306
295	371
325	473
424	305
306	163
382	99
315	317
316	426
346	84
202	193
268	462
295	104
388	413
291	294
461	508
300	530
338	260
308	400
302	358
298	158
209	149
268	274
300	344
205	219
487	381
204	114
97	342
260	27
406	340
293	204
244	176
435	126
256	149
325	304
392	397
245	88
279	421
299	216
292	300
289	61
275	38
249	177
34	380
190	237
363	242
378	240
361	105
289	258
503	299
318	74
206	530
282	345
411	509
398	487
314	216
366	247
312	560
500	291
279	120
355	121
321	568
286	561
303	421
566	197
223	330
328	357
327	237
329	420
343	219
375	372
405	165
438	286
265	246
324	376
121	232
222	109
268	543
153	282
345	261
318	22
327	314
404	180
272	268
419	177
268	116
404	232
267	355
274	551
349	110
174	535
307	227
410	396
192	199
282	250
368	303
505	315
436	313
252	460
495	191
389	306
355	291
293	520
299	92
271	143
431	375
306	9
253	145
172	424
301	464
323	270
352	397
326	38
252	170
123	273
297	117
134	445
261	409
198	166
387	379
277	172
209	290
228	190
315	64
440	165
243	20
305	465
294	480
524	305
287	84
474	358
401	58
403	206
368	439
155	483
179	339
276	224
278	26
212	512
565	182
326	146
300	479
325	190
562	345
367	168
131	255
379	169
292	252
247	501
308	290
250	498
278	225
324	313
227	526
302	38
300	530
411	298
291	264
143	167
291	449
291	309
402	560
208	578
310	268
487	222
339	215
184	457
275	165
310	386
344	443
445	118
102	147
364	317
320	305
277	293
367	366
249	446
526	242
251	279
299	530
371	215
51	295
172	134
230	214
226	59
527	441
178	394
227	485
337	370
219	300
330	545
279	180
305	291
453	477
408	54
312	558
244	92
305	205
303	278
443	158
418	246
249	510
305	288
347	262
253	376
387	348
112	235
309	406
278	151
207	264
299	447
281	210
438	283
176	113
321	359
145	328
527	146
329	195
359	255
358	179
287	561
419	94
245	113
301	249
261	68
369	339
327	455
39	206
275	37
148	385
436	369
287	197
414	512
425	276
319	284
322	313
388	406
362	311
83	355
320	369
297	449
307	391
210	424
391	263
299	135
266	338
494	337
247	364
98	397
288	159
358	296
494	174
369	250
227	405
283	245
287	504
441	524
98	236
466	142
283	90
285	540
344	188
330	304
316	328
489	411
263	465
101	349
104	301
267	40
267	175
505	409
296	374
508	306
408	38
346	517
233	306
301	248
258	63
202	104
423	340
288	108
128	159
472	487
466	319
253	41
294	98
445	530
86	210
417	133
221	289
302	292
333	221
306	138
308	321
245	112
339	379
178	428
383	200
296	424
366	503
396	228
448	332
308	536
226	259
242	315
247	446
500	315
293	279
300	329
193	268
408	477
316	216
334	108
226	450
360	143
337	391
209	495
450	399
316	323
257	401
299	153
294	100
70	180
213	93
295	224
118	69
325	192
212	157
150	324
312	187
308	359
316	275
475	351
525	324
345	284
423	164
269	379
204	205
300	384
389	204
472	384
198	346
211	140
278	461
205	310
333	164
339	175
258	580
280	365
266	291
341	280
265	261
270	393
199	463
187	421
525	301
485	224
150	363
237	260
295	353
226	57
163	391
440	419
491	166
333	170
344	256
329	295
268	219
311	456
310	380
341	234
306	567
314	393
99	430
522	249
323	166
362	396
287	507
449	170
405	133
241	201
270	235
322	468
401	152
455	300
248	237
357	144
451	287
410	221
173	179
522	322
319	346
233	40
231	549
327	220
307	411
417	192
107	183
234	410
267	250
137	318
194	432
282	522
461	550
308	224
292	474
311	486
113	289
304	105
385	431
398	276
304	142
391	89
247	200
366	320
390	209
280	141
155	253
253	193
158	471
229	403
373	435
204	134
217	156
282	248
300	398
406	372
225	155
428	450
404	503
319	329
273	121
315	176
347	401
253	118
365	567
372	109
425	266
360	74
198	79
209	331
303	534
260	474
445	243
356	165
296	588
379	355
287	188
60	426
276	195
227	509
282	494
164	82
319	412
262	172
405	209
334	521
345	483
290	52
330	445
210	99
348	385
249	45
237	324
305	227
223	521
296	391
406	448
152	310
345	208
226	193
169	246
450	375
437	378
300	375
99	435
477	165
376	333
300	466
226	152
503	122
440	480
320	196
300	358
187	555
232	314
334	70
280	306
369	482
425	165
244	283
239	124
271	127
365	242
255	278
292	412
297	382
120	449
336	507
351	306
340	458
237	336
239	95
284	158
352	341
309	513
344	141
264	547
353	253
552	402
176	351
311	480
438	78
15	286
271	277
379	275
380	391
193	213
301	87
269	512
463	259
337	562
230	458
260	293
480	264
499	244
228	567
367	430
445	418
204	557
265	155
490	164
416	268
378	178
375	352
336	584
305	372
143	248
268	361
218	270
419	286
354	192
238	34
312	341
307	251
442	223
187	349
300	498
489	282
330	320
523	354
463	457
223	121
301	479
174	528
392	538
327	265
265	517
434	331
339	399
478	324
300	467
357	151
380	547
572	288
506	278
414	315
385	256
302	117
459	297
142	183
428	244
241	562
339	345
448	121
300	162
297	25
289	239
109	445
452	221
344	110
308	585
291	378
183	491
198	507
400	305
286	298
322	399
268	510
285	454
276	284
169	68
329	85
301	134
425	139
201	362
440	404
350	174
259	469
432	231
483	335
262	434
299	291
479	194
306	476
364	468
164	385
325	203
350	122
75	347
113	127
257	340
171	73
362	580
300	349
323	594
521	393
367	152
328	337
306	301
309	423
271	435
273	391
302	421
448	393
407	218
244	138
325	81
309	307
268	217
305	504
321	64
266	213
233	187
303	458
62	358
466	459
189	282
178	110
432	292
295	499
458	178
329	586
314	402
452	116
246	410
554	264
250	495
283	252
313	128
290	525
347	304
206	134
350	381
335	552
367	241
364	357
255	300
184	439
521	334
283	503
287	410
369	172
294	378
173	222
312	53
269	326
201	372
322	323
256	123
286	223
143	480
232	434
294	80
189	428
128	400
248	409
561	206
249	53
413	164
188	294
46	296
219	320
188	425
230	478
282	402
133	239
153	192
330	339
308	145
178	347
202	362
294	157
319	321
297	357
226	273
338	453
256	489
348	272
316	471
356	197
266	564
326	179
126	137
216	501
422	532
301	147
203	492
265	97
344	204
225	336
119	458
260	225
64	269
299	174
226	422
318	351
252	82
376	47
23	229
396	403
297	149
331	479
357	115
300	192
149	426
131	242
344	229
311	261
132	436
534	404
263	206
300	382
258	458
334	347
300	171
504	300
538	344
272	22
503	216
328	315
284	189
145	264
436	267
306	208
255	466
440	407
49	329
390	40
245	123
367	174
310	550
281	51
290	258
298	547
305	419
519	306
293	20
468	317
176	327
70	259
406	337
127	463
210	248
404	402
254	355
258	443
415	467
374	435
288	387
431	118
215	313
130	328
312	276
180	200
340	403
447	394
240	192
307	398
306	463
376	514
333	491
202	206
434	382
296	205
205	354
402	388
409	269
271	280
457	215
269	385
493	412
201	207
339	520
282	45
382	209
61	375
287	35
317	385
250	93
285	235
260	348
174	464
371	195
300	75
191	116
364	310
296	238
294	107
249	501
240	220
247	188
322	304
227	158
296	481
195	434
315	253
141	281
353	436
300	275
416	499
301	499
470	300
318	220
187	95
210	404
291	229
296	489
304	158
275	436
299	141
206	81
139	270
429	440
257	152
378	100
351	391
417	246
320	43
163	335
30	300
372	434
305	364
271	182
297	527
335	483
461	243
129	511
401	394
41	411
330	150
187	255
444	274
341	298
359	531
328	97
387	477
304	181
280	396
297	356
430	249
158	449
160	454
391	158
391	64
224	195
276	438
237	210
296	276
208	340
270	570
263	201
323	120
230	275
172	237
345	196
130	485
453	123
304	317
465	212
459	259
305	320
279	516
283	473
296	438
230	92
109	432
398	104
363	413
266	94
267	418
105	269
279	88
238	350
203	448
141	174
192	287
409	282
295	21
347	396
284	417
282	577
321	401
399	370
224	289
220	463
394	115
490	327
275	373
421	423
510	350
281	503
300	277
315	502
304	132
339	338
319	509
229	224
348	299
318	41
291	303
299	561
360	341
176	195
323	300
329	461
196	458
293	191
293	224
230	69
451	288
325	358
256	265
391	209
298	304
351	231
164	166
330	165
312	300
75	229
348	107
114	426
250	385
281	166
348	224
466	353
257	186
459	444
246	386
267	475
410	387
396	88
290	433
323	474
164	555
197	347
389	416
194	411
274	178
82	356
333	226
74	255
412	322
537	270
278	226
330	588
278	262
248	481
372	522
308	258
223	185
264	241
178	83
327	267
457	178
300	235
317	566
271	226
314	260
301	157
306	334
270	451
252	260
436	423
344	400
248	265
318	291
420	445
322	139
439	281
260	304
218	176
364	357
155	219
423	440
7	295
304	391
412	371
400	181
340	124
396	93
509	402
387	320
297	187
333	398
287	417
207	122
163	246
253	203
233	273
374	361
289	195
98	372
283	479
348	347
199	345
183	290
286	374
333	193
303	400
291	516
279	258
294	417
153	346
387	185
353	546
86	322
145	308
278	324
110	88
397	301
296	246
303	79
234	520
298	400
394	402
297	177
317	125
385	106
297	319
409	356
217	307
369	347
267	273
299	249
205	276
66	420
436	172
376	225
323	420
413	302
277	447
382	30
517	355
177	316
457	524
106	126
430	478
298	595
200	234
290	596
249	477
341	285
188	284
282	313
314	510
220	282
295	313
308	189
246	249
329	320
271	341
267	224
303	26
380	87
346	169
241	36
110	288
89	316
556	281
432	405
386	275
289	399
342	63
366	409
390	325
217	125
352	296
298	281
174	369
505	261
256	208
237	451
292	348
340	477
330	546
289	158
427	224
390	531
400	441
280	414
302	155
204	394
269	527
369	342
340	73
134	93
304	290
189	97
271	416
147	396
231	259
168	298
249	118
309	535
163	184
78	470
319	464
330	94
248	175
304	466
300	182
162	260
558	260
328	519
320	269
388	152
262	404
302	255
390	549
352	279
376	149
150	166
222	346
230	227
336	54
302	529
183	547
355	349
411	308
320	68
347	405
415	141
208	508
317	88
303	142
114	311
274	191
226	89
287	159
424	345
268	380
393	201
299	272
96	194
332	267
376	369
346	149
141	172
359	255
500	324
493	297
317	209
546	369
325	190
410	128
234	215
305	120
259	443
300	575
368	314
294	22
304	17
452	221
313	293
232	374
305	355
203	445
237	405
142	277
240	471
235	254
308	453
415	382
8	278
129	432
223	540
294	26
245	255
455	400
342	148
202	360
135	141
431	318
287	80
208	124
474	362
233	193
314	324
333	207
293	579
288	170
95	311
549	181
438	370
300	225
538	444
243	300
462	343
300	328
275	37
300	348
157	164
311	306
408	241
281	70
299	219
311	251
275	305
291	335
297	79
34	347
305	287
192	215
369	75
363	306
167	411
286	277
355	446
61	274
316	294
308	589
130	222
326	510
282	152
296	126
327	269
470	130
538	403
442	320
130	340
255	32
309	355
132	257
172	374
427	221
476	131
252	362
365	439
117	145
230	358
286	473
154	489
252	207
298	327
274	362
398	239
452	122
422	561
347	428
399	388
276	178
177	539
377	188
287	322
414	459
430	298
88	221
292	171
250	16
305	498
158	455
533	197
186	286
473	293
282	34
166	184
308	283
119	141
438	440
216	264
249	459
298	287
113	232
193	309
295	356
342	166
370	480
317	407
386	273
306	203
327	527
280	390
313	166
332	35
228	382
288	496
328	271
319	459
302	91
340	218
383	25
281	355
121	103
281	128
372	428
224	231
216	531
363	258
293	356
234	441
353	413
331	83
267	166
305	142
303	239
234	265
387	26
327	148
369	317
289	31
79	326
144	366
223	475
280	317
458	196
186	312
382	52
356	415
319	76
397	413
212	243
91	323
357	69
257	272
191	140
378	222
233	106
375	480
127	320
372	94
329	542
237	486
298	60
198	305
85	324
332	507
240	294
270	123
463	396
357	491
255	412
242	162
288	155
276	145
48	317
287	357
254	238
289	120
270	332
314	56
394	314
229	217
326	271
233	534
417	442
285	313
229	511
352	433
270	360
302	247
218	389
263	175
244	509
333	496
408	211
243	417
266	309
377	577
98	471
246	467
499	396
312	369
166	226
385	435
329	442
336	383
331	261
257	247
315	182
449	494
421	220
158	227
498	392
311	480
402	384
284	485
300	9
277	236
355	360
163	196
248	150
196	473
224	304
528	223
262	425
279	106
249	433
437	136
527	372
422	48
265	451
370	19
256	205
182	171
255	374
383	508
267	446
302	343
242	242
406	248
316	452
313	89
62	221
324	374
149	358
308	324
413	240
364	319
364	309
416	541
345	257
271	121
118	346
227	203
302	466
307	422
343	496
247	106
400	352
262	386
363	89
214	318
233	401
423	194
392	511
290	557
252	564
47	244
418	556
303	154
66	365
131	348
371	423
416	305
141	226
268	281
261	86
455	287
299	213
298	439
320	264
122	308
480	519
251	92
370	307
488	371
186	416
541	190
323	238
167	96
532	447
220	52
288	218
311	326
370	514
404	418
249	173
344	280
245	260
171	187
302	257
300	543
201	213
376	352
270	530
551	340
381	435
44	240
300	470
284	427
300	222
426	389
476	286
319	280
316	304
314	173
527	314
181	320
199	405
388	264
198	378
224	401
299	266
199	263
338	454
429	529
121	229
314	487
307	334
300	433
330	456
335	237
352	379
462	208
331	372
268	427
283	174
441	156
332	439
368	152
261	379
136	264
287	327
496	178
486	103
326	128
311	357
73	188
347	326
253	382
556	317
387	519
364	449
318	343
294	39
299	221
257	355
73	245
319	545
383	303
387	316
484	210
195	370
251	161
353	302
335	478
282	19
517	416
254	477
287	461
228	154
373	204
370	130
300	239
129	489
465	182
301	349
296	141
323	109
167	388
313	234
358	577
101	246
121	443
194	447
346	94
387	445
329	343
310	558
465	384
296	499
339	556
188	164
311	503
140	158
285	397
295	381
259	252
64	243
484	420
399	489
428	262
177	196
258	292
153	314
438	354
210	134
259	401
131	438
247	143
76	366
232	254
307	145
206	189
306	265
134	222
372	348
89	357
317	58
62	311
371	57
162	393
260	536
154	271
421	192
264	186
521	273
246	338
296	59
330	523
344	308
155	285
265	560
201	467
353	150
255	421
184	278
329	269
302	404
286	569
105	327
263	401
89	199
251	259
317	283
403	314
231	208
291	508
253	409
105	143
289	461
471	140
216	432
304	290
292	189
266	75
228	422
148	267
162	164
167	64
314	478
99	407
167	345
164	111
298	86
298	57
290	93
149	361
495	199
306	205
352	300
297	435
360	469
319	516
248	209
441	329
242	475
310	506
304	417
359	514
301	413
199	509
488	345
307	201
219	306
372	22
352	307
401	370
351	371
130	437
334	476
207	385
250	248
112	378
306	449
254	78
402	130
218	130
368	430
415	522
165	189
261	488
84	210
270	258
156	262
295	28
303	74
233	389
164	173
356	329
280	455
133	277
312	242
364	407
305	117
216	136
158	426
287	74
313	393
297	273
300	437
257	483
558	262
283	459
155	160
299	217
299	297
171	83
269	350
334	344
384	339
303	340
358	270
51	265
301	343
253	174
524	391
204	433
460	332
205	272
287	64
338	479
319	385
263	212
85	232
333	23
314	222
510	370
280	455
351	253
247	44
82	191
316	315
296	112
304	407
183	122
240	393
313	477
304	184
298	94
343	468
315	276
290	280
308	279
241	392
281	21
499	466
302	372
247	363
301	502
312	265
265	92
244	384
396	375
112	319
281	313
271	518
317	237
272	249
350	572
318	366
316	299
546	433
268	302
314	296
119	121
361	544
420	64
322	465
348	252
306	195
120	400
296	217
312	274
270	347
310	231
217	349
291	39
221	215
305	123
224	108
461	186
373	209
277	295
229	48
143	477
219	556
347	144
319	284
359	53
250	502
217	276
463	425
291	342
401	371
294	320
382	187
331	311
216	61
259	355
282	5
301	281
406	432
331	44
413	203
190	187
127	185
293	125
276	414
327	303
189	313
259	200
256	93
530	314
324	427
173	142
226	265
279	47
333	292
246	155
342	346
428	380
420	524
174	275
316	510
370	237
386	282
386	135
163	170
218	168
284	231
129	320
95	284
388	210
242	309
328	413
241	279
306	62
403	280
184	191
348	420
302	424
265	437
315	182
333	281
284	519
457	101
255	46
175	270
212	342
311	444
279	125
345	320
385	193
291	496
353	137
249	549
287	105
313	521
298	90
354	311
296	59
420	396
257	495
471	198
273	92
183	466
298	468
372	221
300	269
279	73
353	478
309	60
226	88
207	390
334	429
265	511
309	20
351	200
302	151
419	201
242	347
545	282
348	95
283	492
139	330
351	44
333	141
500	196
272	500
287	259
170	444
362	464
301	136
301	530
186	414
298	271
296	426
313	196
185	113
309	104
316	520
313	278
107	306
315	425
302	185
103	209
304	345
138	235
355	280
347	280
290	225
333	309
147	350
196	153
268	438
381	369
175	294
226	439
295	101
92	467
239	257
461	315
233	340
168	345
285	138
271	181
185	534
268	129
280	330
151	261
331	279
280	246
186	151
130	197
339	533
324	304
113	236
292	444
364	479
272	445
362	308
322	532
268	449
265	415
425	280
259	170
459	331
342	102
382	372
199	101
420	518
373	484
303	40
225	321
278	276
250	589
378	354
321	444
298	207
443	245
261	495
124	387
258	294
403	415
294	443
271	68
299	314
350	386
406	305
369	378
429	252
402	322
289	214
182	467
292	69
522	206
178	106
551	267
342	464
280	336
362	355
247	63
319	212
336	402
338	220
241	243
350	382
373	300
498	248
269	362
300	163
231	198
293	426
334	212
145	294
397	220
413	423
264	176
327	20
378	150
456	273
412	193
465	64
451	177
340	170
265	76
182	434
383	158
283	551
147	164
315	319
163	495
249	495
222	258
294	174
257	120
154	252
345	51
508	243
294	470
358	450
278	86
267	198
261	90
349	286
254	347
474	154
122	308
174	319
368	65
123	390
299	383
296	517
296	110
83	302
88	437
354	346
293	586
488	249
282	101
264	406
278	55
522	470
274	53
303	322
139	429
230	353
273	83
192	441
290	292
333	402
432	366
314	408
255	383
140	296
366	217
292	303
307	279
291	193
289	110
233	96
223	173
239	330
77	351
363	551
128	171
275	304
317	379
211	335
303	412
232	126
329	283
391	294
354	419
262	396
310	412
338	105
291	356
364	439
515	278
280	105
337	117
300	413
368	222
380	472
266	496
162	79
46	328
324	407
281	173
433	77
322	127
300	353
411	244
301	294
332	443
393	435
304	153
309	213
463	467
204	443
368	496
479	206
314	245
220	142
89	328
272	397
378	357
339	396
357	95
151	173
232	147
246	353
279	206
390	505
347	348
134	505
328	460
461	392
243	96
204	464
509	384
408	194
326	371
416	328
300	351
56	349
449	88
445	440
284	323
287	127
236	86
292	264
437	168
341	326
290	390
280	345
276	112
342	409
264	566
53	392
215	166
441	379
241	449
336	238
85	292
188	138
403	353
287	177
73	285
274	330
257	513
291	419
372	198
293	288
241	487
248	378
519	242
335	60
227	186
300	150
113	202
334	151
299	331
307	123
116	330
438	358
154	391
159	436
358	584
405	93
333	413
383	187
115	251
234	251
301	242
216	297
294	330
522	347
190	351
374	263
309	372
551	255
264	401
306	156
224	324
401	232
289	449
266	304
287	440
141	433
222	194
235	473
505	208
439	268
402	184
330	198
375	203
292	167
143	245
236	298
311	358
266	240
47	274
390	154
267	124
319	131
311	251
77	348
302	125
324	88
288	249
260	254
461	233
288	324
235	419
249	240
318	257
337	503
300	172
313	25
87	162
396	411
269	179
584	316
201	55
461	539
142	87
187	308
60	405
351	294
370	110
321	507
320	108
299	130
454	297
71	409
379	466
61	413
348	53
190	462
193	208
296	552
110	429
368	60
197	147
261	146
252	80
258	121
329	266
369	323
331	179
165	238
302	282
339	183
525	300
265	105
162	94
278	175
355	78
287	487
266	575
257	271
235	48
309	412
344	438
237	151
248	291
218	165
343	465
523	273
280	267
293	575
355	154
323	360
429	423
227	417
461	441
360	198
475	352
309	247
355	358
288	371
310	466
291	335
224	405
291	571
538	390
208	385
246	381
342	405
137	286
320	302
516	377
138	259
323	280
330	469
387	179
358	160
284	51
296	516
323	40
302	161
273	399
325	67
444	323
276	477
283	32
388	326
336	297
300	327
337	199
301	170
134	297
365	516
486	258
369	465
530	309
321	300
343	515
333	377
288	88
277	568
405	367
307	404
431	441
390	377
436	198
281	149
299	236
447	215
205	362
469	222
220	397
344	457
420	262
384	337
482	302
222	325
497	347
295	42
310	321
168	458
567	280
297	132
353	534
211	302
315	220
286	22
492	383
166	449
236	519
335	314
259	261
286	424
440	300
423	385
221	446
181	502
206	185
337	431
340	336
454	501
79	333
262	312
450	265
231	212
72	244
544	259
162	340
369	300
310	411
426	180
282	594
495	424
282	448
314	551
277	114
164	536
93	213
284	538
230	153
421	173
274	91
351	119
256	284
296	462
318	174
297	312
219	107
512	287
101	436
463	276
167	444
245	70
281	521
281	33
286	367
305	427
251	340
317	63
284	493
237	413
253	518
310	160
209	380
300	288
301	346
135	324
325	157
277	241
255	109
548	300
344	211
199	519
176	146
398	478
271	97
195	53
397	132
368	242
300	213
203	370
193	433
272	173
328	262
298	329
297	271
235	214
438	336
161	295
368	343
303	372
317	477
106	441
182	306
250	393
193	328
469	289
323	124
258	147
264	138
293	71
399	305
267	155
260	80
309	234
316	300
252	86
142	352
266	415
392	431
149	273
172	177
166	262
140	508
188	134
330	522
422	100
288	521
375	485
357	296
129	462
51	400
283	153
182	402
368	315
300	437
247	97
295	292
349	514
263	415
546	398
380	345
279	378
197	240
108	371
119	260
218	429
313	291
79	319
262	180
184	310
367	463
209	213
20	297
259	337
225	242
361	199
149	212
338	30
409	148
265	317
170	348
258	371
357	165
118	289
320	267
260	198
275	324
414	411
287	280
157	386
356	366
372	339
231	391
300	566
516	162
349	239
293	410
279	487
541	404
345	38
300	73
24	284
59	277
302	587
286	506
316	81
410	511
261	438
320	534
301	353
300	248
334	215
295	26
214	346
266	159
105	398
196	249
496	327
279	476
331	431
308	375
431	168
254	153
226	497
222	189
236	300
123	103
488	154
577	324
293	513
300	490
291	122
520	156
198	512
374	281
260	156
274	284
302	505
392	130
118	311
328	171
319	260
438	206
247	455
292	298
9	347
364	430
121	146
189	382
161	177
260	307
296	119
226	36
222	206
300	89
250	345
95	468
163	257
106	468
385	241
296	52
316	208
308	491
305	24
299	381
409	497
358	405
172	245
240	325
349	544
433	247
300	287
460	369
305	49
312	261
69	385
425	102
268	141
280	398
396	221
175	205
306	69
372	279
348	159
390	298
183	262
543	298
317	489
276	74
456	154
259	386
348	456
303	143
505	421
291	571
300	343
247	99
348	183
179	434
284	569
326	99
410	486
313	581
322	291
297	285
303	504
422	420
248	179
260	235
210	146
469	141
300	496
448	359
240	181
273	190
278	392
141	307
313	362
41	281
325	45
123	231
369	65
319	440
303	334
305	64
266	185
281	179
300	242
450	232
274	421
240	146
214	140
260	570
334	416
281	156
196	408
273	43
272	289
316	559
303	489
348	435
333	167
357	127
283	99
411	276
393	250
112	316
182	388
445	229
316	24
395	154
305	122
276	418
306	546
355	339
294	326
260	398
355	326
522	154
451	431
309	232
209	158
295	121
124	145
325	387
408	309
273	230
273	464
122	255
301	320
205	156
363	547
312	342
252	174
349	265
370	242
382	354
276	584
423	373
238	422
142	462
322	267
307	493
159	82
300	78
281	160
199	520
269	355
365	263
369	333
291	497
197	134
280	548
239	145
327	506
310	496
399	222
364	449
522	291
218	71
421	449
82	348
87	286
280	498
263	467
215	472
290	49
418	158
452	355
435	403
173	437
236	82
307	192
449	247
275	184
285	396
298	258
107	122
125	108
85	400
203	482
324	410
210	188
339	11
314	191
188	33
374	528
373	364
97	387
307	185
290	89
486	391
225	356
273	310
192	396
386	104
290	467
292	168
534	330
314	385
306	142
204	464
237	167
135	315
289	249
337	311
277	442
301	194
125	326
311	176
339	242
46	382
278	257
213	160
357	158
290	489
316	73
294	576
296	349
242	117
202	346
302	405
306	164
551	347
220	182
398	230
347	243
344	314
308	109
451	351
331	23
326	211
300	328
352	150
275	392
577	305
370	226
226	395
285	381
287	123
285	139
240	280
345	454
353	423
162	99
385	380
198	271
298	268
349	241
146	90
183	90
261	452
320	161
362	36
166	57
251	510
326	586
320	411
301	211
272	84
482	202
273	95
443	315
291	231
271	353
302	484
385	323
384	205
261	153
111	127
292	535
187	334
298	436
388	395
319	99
191	261
349	153
283	419
216	214
304	190
281	360
264	93
344	345
439	228
196	154
301	133
206	295
219	189
298	356
329	375
58	294
325	382
321	444
303	70
423	395
351	398
219	279
426	405
346	333
74	308
296	595
291	198
163	278
352	299
393	177
419	154
121	451
288	226
513	244
237	334
371	163
344	209
410	196
440	223
294	248
328	61
295	398
318	443
295	370
334	175
461	160
186	461
334	351
71	210
125	104
351	311
266	151
172	224
300	304
280	481
293	287
149	195
331	479
459	152
110	402
328	503
424	289
300	451
273	269
209	318
406	90
264	199
272	300
319	277
395	217
318	137
257	455
292	426
315	212
273	270
316	257
228	355
295	230
325	334
351	233
293	24
94	277
425	286
234	218
254	201
561	238
333	316
398	162
294	217
355	338
451	310
280	361
326	156
562	402
176	114
492	505
326	303
417	417
395	414
211	182
304	55
407	327
299	526
288	173
276	304
235	161
247	139
283	153
298	248
59	212
418	209
297	375
298	302
328	514
427	379
139	177
305	524
448	315
299	178
186	257
508	459
299	135
407	497
298	418
314	565
307	155
60	407
393	525
110	266
367	485
246	252
253	373
294	197
307	306
327	233
307	131
389	265
99	305
318	154
258	447
290	326
285	138
320	502
300	395
99	342
276	88
209	420
164	271
295	78
352	130
260	471
335	330
432	277
475	414
442	244
295	238
292	159
527	302
340	32
239	339
412	325
393	183
218	289
318	235
470	212
213	165
311	251
244	239
425	300
151	393
368	428
409	396
176	455
313	122
266	221
546	183
546	181
323	450
433	542
505	156
307	266
418	156
447	104
32	300
288	148
287	342
305	285
465	277
305	393
300	505
201	476
168	537
236	327
488	232
189	120
258	235
342	276
211	404
267	470
381	453
276	341
377	40
373	304
333	203
242	464
355	296
89	320
374	334
524	178
317	52
412	230
272	257
387	157
385	312
294	228
135	300
273	357
300	97
282	286
260	311
220	437
251	96
148	217
302	368
369	540
356	393
354	275
300	588
228	466
364	438
197	452
279	195
308	400
425	321
487	141
363	328
305	296
449	168
386	255
308	286
376	193
139	503
303	389
266	526
378	301
297	345
274	13
235	476
266	386
300	592
157	353
316	272
114	130
90	314
328	93
119	77
317	52
145	372
466	421
278	548
206	83
246	233
444	399
449	295
270	410
247	483
427	468
279	353
210	71
347	193
292	97
387	180
312	32
542	240
272	237
211	182
369	116
320	159
449	241
186	188
419	92
131	360
308	458
271	553
257	183
240	227
290	128
283	97
440	304
404	146
303	217
422	168
318	9
296	428
348	398
271	143
291	222
388	518
224	41
291	410
101	239
358	293
232	313
138	103
402	251
313	199
84	451
413	347
215	352
362	521
154	378
300	340
268	190
271	441
299	338
399	483
481	368
342	583
275	386
345	197
172	130
333	83
354	387
357	115
313	299
331	149
407	331
237	321
314	482
163	503
237	157
441	76
177	174
365	86
161	248
227	423
166	119
78	136
154	348
103	409
85	180
305	107
33	300
278	485
236	197
469	294
304	301
296	64
300	536
27	234
294	551
251	343
177	318
96	171
432	168
224	225
227	404
482	164
169	457
261	147
221	318
298	199
313	374
239	528
506	300
256	235
302	441
453	294
85	164
336	299
322	477
340	278
231	278
389	213
305	301
300	427
510	256
300	323
278	295
313	414
359	459
197	338
284	308
486	240
81	489
288	445
232	464
224	277
199	360
183	277
279	566
517	275
307	166
303	155
442	356
133	287
264	298
363	305
569	269
290	167
301	125
90	339
276	367
367	440
338	8
465	291
459	320
344	422
367	212
253	331
346	56
141	386
253	159
290	516
327	304
311	357
387	436
312	218
508	134
284	209
262	280
346	379
333	429
337	528
292	396
299	227
202	219
306	169
399	468
358	470
381	435
257	157
75	323
375	237
99	338
329	259
407	275
367	265
217	171
354	421
304	69
51	359
319	301
277	186
445	135
265	181
252	200
404	238
204	198
339	15
276	182
285	146
252	389
339	235
252	468
212	331
297	372
383	500
408	454
252	75
317	457
314	508
209	131
365	53
432	401
66	194
424	340
294	32
296	432
208	457
320	234
262	214
361	172
286	230
337	183
144	304
389	351
519	242
177	488
270	169
283	344
284	21
533	287
352	497
282	346
155	234
127	337
251	211
51	423
293	183
300	407
355	46
529	270
360	506
301	494
203	406
269	357
283	497
485	340
259	22
431	432
284	75
62	317
490	378
299	56
287	515
400	298
274	85
300	497
311	184
95	300
282	370
243	54
294	500
184	163
128	421
207	447
266	250
408	317
362	180
294	337
551	354
234	552
420	469
322	275
197	231
160	120
230	314
302	66
84	243
487	374
470	379
523	436
430	229
311	314
346	384
216	127
243	515
103	397
185	108
430	190
539	246
341	380
325	105
464	228
219	352
428	205
300	591
315	491
351	406
275	353
365	200
118	381
433	340
510	278
416	124
473	212
300	287
281	186
527	243
494	224
438	263
265	263
329	384
309	353
344	398
304	172
292	42
262	306
313	260
263	528
34	320
446	412
247	331
469	264
386	205
507	339
266	36
89	241
303	195
323	479
34	227
380	52
168	377
247	374
256	196
587	320
164	115
141	345
300	192
168	229
287	267
323	493
303	346
267	335
194	338
300	401
85	318
350	276
384	416
305	194
313	213
281	351
322	182
194	337
444	174
382	439
241	55
170	140
286	191
220	334
308	410
329	316
312	483
113	236
368	489
300	175
331	373
314	277
288	545
298	300
350	480
291	462
481	387
241	114
433	375
254	222
295	337
90	195
287	290
302	438
290	389
263	339
220	359
386	289
300	129
377	278
371	378
309	276
323	71
232	192
333	251
288	240
235	284
260	479
126	305
361	361
273	519
426	320
389	191
214	259
294	437
525	332
277	216
297	515
216	456
308	572
411	158
466	244
88	470
304	547
296	347
274	264
276	237
288	118
262	362
429	449
299	574
389	144
189	373
338	465
360	120
311	291
332	370
485	259
226	193
364	406
190	380
60	300
300	4
278	440
440	176
279	241
247	437
407	201
384	457
301	255
297	449
329	203
315	72
289	186
384	328
232	165
236	116
275	531
221	365
311	133
311	165
380	553
235	156
137	287
103	375
300	342
472	206
321	187
300	130
417	491
314	92
149	370
281	361
300	108
202	474
404	163
318	385
187	231
253	418
353	405
284	157
383	464
298	19
87	202
167	234
273	319
103	233
286	297
467	295
301	569
320	294
377	382
105	297
464	181
162	438
329	353
235	208
282	501
240	226
244	99
394	108
364	120
269	201
286	172
286	487
443	285
302	389
202	547
301	330
320	417
291	348
114	360
359	318
458	507
311	273
455	510
357	258
294	301
312	596
327	187
501	432
180	183
528	196
230	174
262	379
304	441
277	70
296	108
326	44
308	441
291	145
291	430
300	337
326	502
94	444
306	51
217	511
300	349
242	439
444	151
269	324
299	303
127	176
357	201
353	548
274	403
300	365
398	339
205	388
366	409
292	55
204	188
321	58
269	379
177	480
275	457
427	427
149	325
293	282
282	352
318	181
208	195
286	241
351	235
304	47
285	367
369	243
328	460
303	88
559	358
62	300
433	390
328	128
306	332
310	94
142	277
360	128
533	414
329	489
300	423
212	525
293	429
182	313
326	341
326	304
231	336
16	329
330	211
376	249
218	292
304	564
291	323
284	357
189	515
265	162
529	232
178	288
301	261
173	63
373	461
276	390
241	215
300	454
457	344
317	148
395	546
153	523
296	334
43	351
397	53
332	384
376	523
288	162
332	255
314	355
333	354
359	360
462	246
298	355
378	424
141	463
278	426
156	143
48	251
139	268
281	52
558	295
238	497
189	276
297	213
504	330
373	296
304	22
269	569
216	20
60	299
131	491
299	158
459	170
306	38
312	330
207	433
242	172
235	29
226	313
299	293
280	259
305	390
260	355
278	457
236	435
309	285
300	65
336	466
181	419
146	190
304	135
306	437
239	292
412	67
494	361
204	464
575	308
326	420
315	388
290	456
214	244
570	310
296	295
242	512
216	391
62	272
299	443
143	303
222	198
251	243
466	359
348	132
293	93
292	586
171	367
347	335
247	417
216	457
176	167
416	306
226	229
303	45
350	242
298	196
312	113
375	561
388	131
411	522
238	226
327	451
342	451
334	195
482	327
306	139
295	306
539	296
443	366
450	241
226	479
460	288
155	343
346	138
273	272
391	450
48	352
317	93
359	526
197	298
384	466
299	494
307	92
301	499
238	160
249	230
309	164
319	300
469	113
322	506
443	432
85	314
131	382
308	549
518	405
263	56
255	103
374	190
294	281
235	374
88	330
359	333
549	291
21	202
211	171
257	87
305	419
357	182
497	253
219	308
322	560
340	56
305	76
298	15
340	291
306	106
392	225
395	285
423	90
245	520
392	163
350	206
313	157
448	465
298	154
313	323
317	450
513	325
595	301
199	261
296	106
229	264
237	311
310	379
232	388
373	475
319	279
476	201
78	368
373	208
259	118
262	278
283	206
391	298
300	431
198	262
464	106
399	197
268	196
333	406
387	507
144	308
306	99
329	422
237	276
130	290
287	171
264	323
317	140
174	521
148	341
296	437
134	285
319	229
250	504
223	127
280	246
281	281
303	275
301	313
396	254
291	313
285	15
218	238
286	51
297	403
294	563
298	39
398	538
450	95
448	450
287	255
475	223
301	216
467	344
218	218
356	321
364	45
369	58
316	275
201	469
534	402
320	82
99	255
498	183
342	372
322	278
159	414
301	172
351	330
234	487
64	225
163	122
301	130
280	251
262	330
310	575
160	215
341	33
300	356
177	351
263	467
240	446
262	427
241	57
268	74
308	565
431	549
288	412
95	474
312	430
347	110
262	94
532	240
443	485
325	295
98	458
328	419
300	242
304	306
252	142
276	554
194	347
353	357
546	346
126	280
194	315
391	433
418	453
556	369
342	257
263	373
264	146
400	284
278	277
394	113
420	415
380	404
137	178
394	489
433	264
277	111
251	462
332	338
261	55
500	411
317	164
291	415
293	297
377	370
294	217
342	402
348	412
290	234
312	535
313	250
127	521
185	286
313	374
168	306
262	542
327	459
398	178
279	292
163	226
272	422
306	78
572	214
546	188
244	253
288	204
266	417
316	449
312	454
249	500
316	53
153	104
259	276
265	558
324	124
401	369
297	452
404	551
312	533
575	345
230	498
305	109
295	307
456	143
64	289
306	221
425	231
425	366
466	295
241	113
450	463
392	267
300	116
347	278
308	294
259	200
198	308
273	102
264	392
488	252
412	549
255	455
486	194
277	286
254	240
247	215
321	243
455	438
545	283
263	316
391	350
300	395
373	251
240	231
300	414
310	373
288	367
275	282
478	205
568	206
389	189
291	332
144	191
176	121
206	336
362	218
454	297
256	500
355	118
78	151
439	91
340	282
341	81
110	477
193	326
307	173
184	381
378	183
484	257
387	357
301	231
266	523
234	562
470	349
252	121
251	275
190	210
188	573
266	110
388	310
255	530
200	293
524	298
326	168
318	247
468	313
336	576
249	399
229	161
282	162
206	184
315	2
203	309
450	458
465	401
203	407
324	322
188	450
296	204
300	497
371	489
227	488
362	420
216	530
387	107
351	336
301	154
323	89
226	63
169	168
294	439
376	381
94	351
256	317
394	564
397	428
233	213
351	159
489	409
336	272
342	432
374	110
188	225
282	256
369	367
495	294
276	216
306	264
270	192
342	481
258	344
429	219
263	338
436	238
312	176
303	162
526	335
294	265
293	558
380	230
296	154
303	373
274	450
300	276
95	208
296	196
266	124
236	31
204	297
160	156
382	298
235	147
177	407
562	347
279	485
266	452
322	313
244	424
230	238
278	497
218	281
314	122
146	283
147	208
357	424
292	409
343	192
425	429
252	392
473	311
516	196
330	179
326	535
181	305
353	266
258	258
227	347
292	226
269	355
257	416
334	162
386	253
370	285
371	75
110	265
310	566
424	250
321	374
333	381
290	208
197	448
200	377
299	518
369	96
248	377
317	275
294	203
300	258
229	164
181	367
95	366
300	424
314	169
437	254
302	107
292	470
299	374
242	80
251	243
446	271
437	370
243	284
233	427
180	284
382	426
361	378
234	68
297	80
420	199
212	372
116	271
296	244
419	354
243	294
228	515
470	345
538	243
447	534
404	300
434	297
156	101
468	232
236	330
260	273
365	135
336	174
199	228
108	404
297	494
274	111
351	166
180	214
171	350
327	281
313	254
279	336
256	371
480	207
243	307
229	92
273	326
333	67
367	427
184	249
302	382
224	223
238	245
286	439
263	86
426	309
300	452
285	518
322	201
313	369
371	529
463	398
314	363
501	106
340	514
344	257
251	435
430	202
246	365
373	285
175	198
326	152
284	317
278	496
262	151
275	479
214	422
453	360
255	348
216	157
417	393
437	458
355	313
392	423
227	479
505	430
373	110
291	102
73	295
278	534
377	469
331	67
273	298
322	352
287	203
223	328
142	460
319	410
292	52
134	226
432	217
273	282
423	434
282	383
292	391
428	310
197	491
290	329
323	570
305	552
403	384
410	229
292	251
380	522
138	355
374	23
98	449
322	52
498	229
282	251
238	104
439	421
346	275
302	290
252	384
246	263
233	358
278	229
510	342
134	263
327	295
367	387
339	199
339	455
329	498
312	291
229	203
132	181
298	43
336	365
431	259
492	336
358	482
303	215
413	299
313	122
189	481
505	302
261	174
252	222
294	347
264	217
262	184
288	21
248	333
347	175
189	563
128	312
253	154
300	234
286	244
325	443
159	493
478	377
173	92
218	260
252	414
292	490
480	295
300	95
391	151
334	499
315	499
268	255
311	509
365	364
412	83
297	338
402	160
321	381
255	490
362	282
359	471
225	251
256	47
263	96
333	274
387	316
333	237
175	268
392	325
254	452
199	342
362	37
284	482
437	283
316	113
481	280
322	541
34	302
61	174
401	286
459	328
165	101
332	514
278	470
374	499
386	530
376	276
210	556
246	474
268	389
262	511
340	98
155	199
394	406
267	445
300	570
331	109
130	102
304	53
367	236
337	129
438	367
319	503
148	333
115	392
477	282
203	164
194	296
195	84
220	323
495	238
387	451
179	309
195	150
542	258
64	191
317	171
154	462
207	253
372	422
336	386
238	279
423	201
260	151
288	317
267	385
298	58
346	363
547	375
274	523
401	210
393	161
556	312
98	269
194	223
288	460
377	142
292	77
284	554
375	241
320	168
368	270
383	338
273	349
279	71
300	244
290	185
261	146
407	370
289	332
257	253
380	311
517	397
318	451
177	249
277	433
378	240
383	154
373	175
234	155
293	531
301	119
298	7
320	494
155	240
299	400
194	300
311	581
302	319
182	173
262	296
390	372
385	116
241	22
417	98
252	411
318	137
349	428
456	229
383	303
193	159
266	452
307	349
353	86
533	290
219	21
395	178
203	219
377	404
41	240
388	352
276	259
366	333
375	272
375	384
284	24
420	283
179	362
366	98
265	384
444	145
107	124
331	402
391	560
283	491
304	189
371	473
313	450
379	153
352	458
363	500
316	106
387	414
299	583
396	450
522	217
335	231
294	303
299	46
581	279
336	547
167	373
333	339
281	400
493	389
228	110
170	469
255	163
322	295
274	83
226	376
380	394
384	522
396	184
414	89
497	369
482	275
55	352
230	134
235	262
77	353
114	326
302	5
141	427
234	330
164	256
328	374
368	573
271	351
359	510
307	456
328	383
213	315
304	369
261	575
263	144
321	313
304	211
234	238
299	470
288	288
252	249
216	566
273	226
66	342
501	183
322	114
298	206
455	471
479	204
328	25
301	224
321	65
252	504
382	328
300	12
443	440
305	377
324	130
173	267
501	239
433	239
356	309
266	217
218	59
428	419
180	287
464	201
368	203
299	510
435	147
353	315
293	203
174	187
289	278
539	316
388	404
191	482
472	363
258	378
327	184
298	330
326	401
351	38
312	534
289	459
344	309
100	390
48	181
277	257
350	281
365	43
252	24
458	210
300	361
314	303
273	535
333	108
417	470
129	132
275	217
323	102
332	435
341	520
327	260
300	58
467	249
303	331
387	477
306	300
257	203
396	214
519	152
541	242
313	116
342	161
213	36
242	102
173	72
332	191
350	255
395	298
371	302
397	99
327	327
299	277
424	259
556	324
409	417
157	303
292	126
349	219
300	410
532	281
422	516
261	189
300	290
526	353
322	554
390	231
465	369
380	380
269	159
294	548
325	487
451	402
240	332
270	324
365	385
190	240
475	289
308	275
264	20
399	201
338	312
472	175
335	97
394	226
295	426
249	463
317	365
264	181
217	149
279	22
281	174
308	276
197	199
341	333
295	58
286	319
336	348
558	398
360	465
259	339
191	309
450	349
300	504
232	415
247	121
300	543
313	92
389	496
203	302
434	410
328	496
212	196
323	428
321	84
293	310
279	503
315	371
408	162
330	546
423	275
286	301
136	352
206	489
295	578
306	338
241	242
249	372
229	46
300	513
257	262
255	498
262	458
322	216
292	211
310	22
116	265
305	593
223	542
132	465
194	74
393	293
167	341
476	468
461	240
310	85
493	150
315	404
199	232
186	350
532	249
299	424
364	148
220	216
482	315
288	523
279	338
345	549
431	145
340	263
218	487
346	506
504	249
272	337
301	574
423	300
129	188
355	324
295	189
302	59
175	112
311	78
204	253
266	194
310	341
266	279
242	442
266	491
299	422
310	268
215	435
267	242
300	133
289	17
247	553
298	281
84	256
192	382
246	507
516	382
347	174
289	585
354	135
153	320
374	403
561	318
358	38
586	266
517	333
537	369
521	336
255	149
268	541
370	217
334	499
233	345
298	291
294	453
177	238
187	174
286	359
235	295
372	446
298	430
165	461
356	216
326	320
328	514
303	104
333	55
418	103
370	498
303	412
206	543
259	231
16	297
220	570
369	283
366	232
213	319
300	146
265	455
279	153
457	218
314	147
444	225
392	231
210	351
345	440
55	254
250	85
356	227
310	335
162	464
284	152
360	564
524	277
359	58
300	589
350	328
207	370
342	226
340	423
286	381
371	212
568	298
451	336
324	384
461	492
346	464
289	596
154	197
322	170
194	529
422	266
375	476
293	570
135	304
412	282
172	235
396	478
301	103
419	481
465	485
254	150
161	416
275	348
297	419
291	419
302	391
420	422
316	104
421	464
304	28
264	574
322	212
339	374
259	270
366	305
386	180
308	342
188	139
289	288
83	235
60	149
357	438
194	327
132	387
248	154
255	377
383	415
503	377
194	336
345	175
328	108
272	424
300	291
490	355
340	401
526	415
145	446
325	265
71	318
368	162
270	483
288	113
370	131
324	81
246	558
315	464
309	59
400	534
153	303
364	163
318	527
259	386
138	337
313	134
293	164
379	265
300	332
120	303
344	132
286	560
219	423
133	277
168	351
319	321
273	490
222	118
298	565
337	331
384	176
266	354
158	120
321	348
391	75
276	262
93	278
357	375
395	542
264	210
297	469
314	289
249	512
212	479
271	464
285	498
245	484
308	124
254	237
284	364
167	366
336	422
402	79
301	300
284	335
316	344
300	197
354	531
160	107
445	287
205	173
317	449
221	201
380	84
299	410
306	281
282	91
299	526
532	300
388	154
141	415
559	303
281	15
440	252
258	111
403	179
76	311
271	515
372	225
249	270
274	292
304	358
142	404
96	241
250	384
249	429
237	280
224	522
402	452
359	328
302	306
248	349
397	351
232	514
406	208
482	477
207	274
242	205
190	183
394	214
200	352
294	381
65	439
169	317
357	258
449	268
499	247
275	56
230	374
434	507
132	93
314	300
349	283
343	579
104	298
392	455
446	261
382	179
260	204
370	458
295	199
82	355
339	193
160	320
297	255
348	382
382	289
257	419
185	317
275	228
340	550
77	154
74	330
396	270
288	265
335	555
282	165
352	215
313	268
240	491
94	476
294	50
391	530
264	304
350	543
269	298
292	560
289	116
457	488
278	356
319	132
234	542
410	349
298	197
382	268
270	575
178	152
310	280
474	271
397	243
240	89
297	567
236	478
330	134
317	347
299	88
300	466
321	140
469	289
152	215
335	223
377	434
325	174
343	75
457	338
295	452
328	65
148	410
247	313
263	133
300	209
304	5
289	159
406	325
282	32
331	462
412	341
308	398
285	186
164	402
282	339
224	541
208	133
133	346
320	325
132	298
52	161
288	267
301	475
201	463
291	422
318	67
449	341
222	240
297	310
272	514
88	326
341	370
276	366
269	476
190	274
364	175
370	64
354	302
255	127
263	309
285	413
408	283
268	214
428	320
58	300
300	416
397	176
283	533
244	502
250	376
406	356
346	381
267	117
358	203
286	231
323	22
277	55
293	307
165	278
492	412
300	17
190	116
229	324
202	566
406	334
292	488
299	271
507	295
278	83
338	251
408	71
353	462
348	114
237	366
358	152
98	359
187	399
230	294
304	444
295	240
472	363
436	342
417	132
285	256
355	313
326	389
340	142
204	358
181	300
325	372
294	438
442	172
217	490
210	163
485	275
419	300
299	56
96	339
228	371
265	532
188	209
227	383
249	100
295	167
312	70
353	224
300	501
313	329
275	326
294	569
300	242
412	329
456	141
391	163
294	165
141	314
360	436
322	200
393	166
330	200
298	232
437	181
411	196
301	397
440	227
504	179
430	349
332	281
240	380
198	169
492	310
385	177
304	325
344	300
296	104
482	166
379	483
146	264
294	75
269	558
319	125
328	340
505	325
420	411
308	493
120	198
284	168
426	337
318	175
209	474
212	316
335	118
215	193
287	66
306	150
460	527
269	423
326	447
247	359
177	225
300	289
378	543
261	239
221	220
469	208
301	317
149	171
309	142
281	480
324	21
237	299
239	282
271	310
297	563
245	518
285	197
217	120
231	403
352	180
41	299
226	251
426	323
333	347
267	508
355	194
305	570
314	212
296	324
339	245
410	98
269	366
227	576
433	537
175	460
248	389
374	264
252	155
297	345
249	175
259	198
369	515
251	280
239	199
298	336
291	399
353	91
338	377
361	317
214	430
290	210
330	469
199	390
303	372
298	562
313	296
223	345
285	232
542	184
300	428
412	352
166	395
259	411
387	254
72	332
315	157
138	150
308	413
241	160
63	290
337	547
305	63
335	542
382	510
426	554
504	416
179	289
246	110
290	271
365	551
471	267
383	135
287	203
359	82
106	337
336	121
251	198
538	331
455	473
96	125
169	191
333	144
326	548
366	286
323	185
264	333
319	336
451	406
290	257
388	293
318	243
159	208
316	70
308	238
383	176
411	329
484	282
66	273
273	181
336	180
212	210
307	375
310	12
274	283
446	227
383	152
411	258
352	322
306	559
294	578
294	538
274	567
305	61
274	383
293	526
282	494
309	362
297	421
176	316
284	287
279	156
305	275
301	386
169	336
277	389
347	386
300	203
331	384
168	345
285	38
365	531
474	112
313	271
474	380
285	105
363	191
310	211
407	217
348	534
355	167
197	52
376	231
313	318
424	295
190	358
468	334
304	337
184	221
297	483
275	82
170	150
240	444
248	176
276	469
441	466
147	278
397	492
284	422
152	230
148	229
303	209
223	325
373	266
350	490
219	298
292	420
161	408
99	300
376	383
267	560
308	286
292	339
275	165
520	231
440	423
239	323
378	258
297	515
382	440
342	75
253	65
238	435
531	160
293	73
294	343
283	238
293	474
474	371
285	304
405	389
295	508
283	160
298	511
288	117
118	417
343	175
253	569
551	238
266	397
484	427
359	75
261	293
321	77
264	293
323	525
496	323
198	71
72	315
444	398
180	447
294	188
253	343
274	395
442	202
332	153
304	251
426	220
413	287
298	425
340	247
294	129
279	357
320	556
287	337
300	319
271	93
315	411
310	456
300	47
202	248
281	343
540	370
368	321
311	446
330	487
258	290
422	201
301	302
273	53
327	254
333	126
476	327
238	582
358	296
355	318
385	277
384	504
262	39
431	259
383	382
61	371
353	379
216	362
273	390
492	199
311	142
207	506
303	329
262	427
345	326
290	329
394	562
388	123
456	136
477	384
442	223
300	179
174	295
318	102
98	271
388	172
270	272
315	551
373	447
295	461
280	270
227	308
301	331
77	334
322	245
343	471
300	69
358	157
488	230
333	382
295	57
243	293
176	203
286	371
166	248
232	376
523	306
298	147
93	237
290	135
365	264
388	537
320	576
263	480
302	575
250	287
299	178
359	286
350	441
329	269
341	182
241	460
298	319
161	294
264	249
237	216
300	578
415	286
268	164
63	432
203	390
273	348
306	374
412	378
212	472
92	431
300	372
271	107
361	85
262	388
322	425
305	405
271	304
414	499
298	384
346	55
279	573
489	449
343	468
329	133
306	421
296	158
287	523
175	161
166	350
429	506
280	212
321	293
377	573
169	332
302	249
275	361
332	33
434	113
261	121
252	559
286	272
50	266
363	542
271	388
202	293
280	49
316	227
373	380
248	401
278	428
300	243
218	127
270	179
408	514
304	382
202	402
356	219
239	180
308	73
411	256
149	292
249	124
123	495
380	213
283	239
280	322
253	284
298	358
130	158
81	212
212	445
122	392
279	491
318	476
345	378
388	552
467	313
297	423
389	305
207	525
133	438
361	173
364	357
252	345
189	348
427	83
470	465
208	320
212	493
330	287
341	348
458	255
266	148
292	387
241	522
288	483
411	116
317	216
252	478
199	193
229	110
285	391
138	179
269	441
272	285
329	423
126	291
328	88
305	390
195	227
267	292
235	372
267	66
203	232
479	143
386	345
289	473
301	135
236	301
157	153
140	185
109	363
153	314
135	196
561	308
415	398
328	514
347	128
300	457
422	313
286	257
298	470
141	443
310	77
298	449
296	164
203	261
358	349
381	83
321	334
150	278
297	380
236	244
357	308
287	473
205	162
388	313
263	183
387	503
296	215
276	282
251	535
315	547
478	484
384	188
312	159
341	316
213	425
278	298
202	145
140	434
300	23
281	471
180	270
152	279
296	519
298	294
429	205
401	189
308	112
168	490
389	135
329	565
305	228
77	231
295	389
166	346
373	191
331	216
237	383
104	232
294	84
470	158
178	356
317	358
400	222
319	208
429	390
447	246
211	360
501	371
173	247
419	80
300	162
226	449
164	367
137	284
260	590
307	478
206	258
289	232
540	368
429	309
308	532
259	437
312	255
135	410
437	316
286	369
307	214
292	574
246	338
248	68
352	448
328	192
317	171
304	302
390	365
98	323
396	366
367	533
162	457
362	513
410	203
214	274
272	311
204	283
310	350
160	269
283	227
309	529
319	121
144	200
287	113
300	568
339	426
171	192
412	141
171	328
200	534
341	560
267	56
268	263
394	170
91	275
373	172
378	578
464	202
309	154
127	276
252	543
338	186
524	229
329	237
121	318
186	488
395	571
254	355
237	348
313	488
357	273
173	321
292	242
410	76
349	315
214	349
277	567
270	257
110	255
302	106
312	94
329	391
331	139
357	94
344	458
416	99
483	345
280	375
320	406
105	321
309	312
257	193
247	480
302	84
284	418
347	436
313	175
178	383
286	51
244	350
418	399
459	437
252	86
277	490
275	263
386	325
298	532
309	96
164	289
310	209
251	306
207	399
184	190
167	470
321	266
266	259
239	348
257	300
415	147
435	322
342	208
355	143
257	324
358	160
284	206
435	362
225	140
363	171
283	255
219	157
271	56
542	185
463	232
402	497
251	31
451	232
359	179
343	200
363	270
270	170
165	252
391	257
418	280
266	60
440	451
482	149
498	287
501	316
182	160
328	548
270	90
434	419
386	488
91	346
356	510
300	9
282	239
447	261
302	314
266	158
327	258
361	238
108	361
327	81
344	503
191	350
494	274
284	27
272	475
369	428
299	303
204	126
372	478
324	380
122	362
363	418
277	121
276	587
300	227
352	171
220	440
347	398
300	392
325	158
282	424
376	181
300	544
277	397
458	274
156	112
295	523
230	256
344	530
348	416
413	270
8	270
346	299
338	50
256	316
297	490
246	564
230	300
305	274
195	215
316	547
314	157
286	99
228	360
311	143
391	171
244	101
254	257
318	89
202	385
300	410
326	138
245	259
300	484
153	236
365	203
263	353
309	232
352	253
450	267
348	151
115	387
294	150
464	358
177	66
382	318
295	413
69	189
236	361
181	146
457	295
306	492
418	197
243	337
330	177
243	83
385	37
336	149
400	317
451	450
236	300
215	333
461	223
338	405
312	427
368	249
118	368
227	514
267	161
468	109
307	429
202	370
307	254
284	287
318	443
310	422
369	389
198	404
116	288
236	444
483	393
188	151
171	375
183	201
281	132
107	232
131	400
162	329
353	300
527	247
229	386
199	85
438	337
317	83
234	502
394	356
344	366
412	152
391	177
157	220
404	90
267	236
268	128
377	312
311	560
220	395
324	144
200	277
335	434
333	464
409	429
220	267
330	440
305	356
428	205
393	168
162	291
338	223
361	448
333	454
384	67
432	268
350	446
294	247
273	303
227	448
459	300
374	436
360	360
327	93
312	293
377	133
345	541
411	261
179	431
301	536
93	259
358	171
306	94
301	302
194	432
279	179
242	506
407	335
174	526
112	314
235	86
225	494
231	58
219	150
331	234
307	478
292	215
436	482
308	404
165	359
217	298
504	319
383	335
285	245
220	395
300	262
460	195
374	235
380	454
322	318
410	126
293	377
185	472
278	16
299	474
489	302
245	310
328	251
424	478
334	227
287	268
223	223
147	148
270	532
264	73
371	273
221	151
180	172
407	84
375	501
191	103
246	419
394	316
176	427
373	49
168	463
279	59
213	462
329	359
286	288
219	201
163	65
175	354
409	475
383	118
353	351
321	56
257	394
300	348
125	362
250	414
300	575
299	467
397	158
289	214
470	280
271	44
392	356
318	469
203	492
321	132
162	197
282	562
184	319
316	290
418	348
311	29
378	422
293	23
273	240
209	335
285	12
301	154
336	206
351	91
390	360
300	427
448	351
129	171
362	48
394	396
301	174
300	454
300	460
251	320
472	163
299	45
217	487
389	229
319	152
354	334
373	128
279	96
278	124
206	231
81	372
393	574
110	112
144	440
302	414
375	376
451	275
321	518
282	135
5	281
139	226
457	425
336	293
275	176
307	340
494	177
507	404
241	153
238	276
284	223
243	553
379	355
320	362
198	153
293	6
332	288
250	480
94	465
313	438
270	287
304	508
379	460
501	299
327	371
337	373
286	265
299	171
329	422
301	584
300	222
290	382
568	212
79	345
413	144
339	163
365	234
360	465
209	387
398	322
153	194
467	379
282	374
327	41
275	106
430	547
402	546
298	571
316	83
435	250
278	36
135	297
339	289
244	363
516	366
296	555
245	220
347	22
332	327
353	169
328	363
456	244
188	550
290	209
403	125
560	377
253	47
300	107
324	28
397	451
372	373
214	327
307	502
355	181
327	550
314	217
250	336
256	276
316	261
63	254
301	342
192	230
313	545
349	152
249	161
316	527
335	508
186	300
573	213
357	436
158	278
347	65
303	188
267	43
363	463
413	163
544	439
434	415
310	141
420	57
331	478
187	204
141	437
253	123
287	527
131	337
354	30
167	323
105	408
330	536
303	334
197	424
259	63
106	312
174	318
424	365
235	250
226	325
305	54
339	360
285	434
349	380
251	425
377	439
296	443
222	142
440	298
309	285
253	237
458	445
222	250
370	280
206	258
283	388
302	76
351	319
330	171
237	266
41	310
208	224
246	70
248	105
281	306
410	362
280	320
132	145
171	297
212	254
382	376
231	459
294	400
267	474
300	19
492	342
290	86
301	316
382	437
287	395
306	354
300	416
335	54
204	349
398	68
282	48
370	498
482	330
307	15
281	272
169	498
306	38
65	265
310	322
258	196
364	223
322	481
386	490
325	579
400	211
524	410
250	334
331	356
175	464
151	251
332	505
286	319
284	161
311	123
293	199
318	61
360	350
408	65
306	554
341	190
328	367
351	236
127	366
230	299
300	218
295	515
212	450
308	262
235	44
327	404
176	225
251	420
309	205
389	391
309	585
324	446
309	57
538	252
159	60
208	217
301	309
303	450
305	473
258	261
312	164
257	102
80	359
221	493
298	200
121	169
347	328
291	367
249	454
239	126
147	70
237	271
306	184
471	435
245	382
405	391
236	117
288	134
160	402
481	391
284	581
287	64
400	324
279	251
436	445
195	336
260	532
217	531
313	80
330	77
488	202
199	535
237	74
432	229
528	302
324	271
479	226
251	465
328	194
276	242
351	26
308	115
271	18
311	390
87	307
274	436
233	471
108	206
350	349
360	545
206	400
187	319
369	411
295	325
273	409
188	64
228	181
346	205
306	449
304	104
402	545
322	314
302	56
318	504
559	404
261	288
322	307
182	264
200	232
135	213
278	83
537	355
338	300
334	257
276	458
248	341
291	226
361	33
278	365
558	259
262	254
177	347
329	251
506	466
313	352
289	184
321	471
501	233
303	153
371	287
303	247
282	451
303	3
334	294
301	427
328	285
65	203
112	200
271	408
314	403
217	147
240	245
320	144
332	383
284	258
315	100
351	274
368	446
84	313
304	59
415	121
243	194
304	272
393	184
297	368
401	573
152	157
363	301
179	248
253	532
157	363
541	371
431	275
325	464
281	87
266	103
453	331
321	44
499	314
296	576
283	372
212	215
132	300
303	127
307	207
356	12
282	150
213	456
304	494
366	337
383	371
446	253
314	185
461	340
298	153
294	57
208	290
72	268
269	124
507	275
269	148
413	261
379	311
307	207
372	516
307	426
144	248
201	226
257	186
333	143
253	478
172	252
280	275
322	220
300	92
205	489
353	149
468	328
367	300
313	61
300	234
384	478
278	327
307	71
343	196
262	52
301	540
327	201
259	481
227	306
357	501
394	123
78	236
345	346
308	269
303	575
300	591
278	126
185	193
420	488
317	122
276	234
287	152
322	439
361	182
396	53
306	557
291	151
287	393
266	60
330	225
163	213
325	150
325	320
353	410
405	331
306	21
368	232
379	69
299	58
239	199
431	344
437	232
281	89
209	229
386	476
208	145
170	291
267	299
318	41
370	236
288	36
409	134
102	402
275	369
242	250
241	203
160	313
349	498
128	339
160	445
314	93
434	326
284	568
123	111
383	451
333	278
256	145
476	236
311	282
248	373
341	170
345	355
509	292
485	277
276	311
283	171
440	241
550	260
438	288
251	133
301	125
166	110
284	402
310	281
337	160
313	573
306	364
241	336
426	258
198	333
479	184
271	409
567	365
325	47
352	337
145	288
359	487
326	533
287	562
375	371
66	362
322	119
374	259
408	543
388	333
372	372
297	114
555	320
454	303
317	327
212	135
397	502
283	241
325	512
189	531
227	559
303	403
198	379
461	402
327	404
328	408
318	474
276	379
304	514
502	162
297	188
162	355
277	308
390	373
136	364
458	206
128	243
508	292
256	216
113	472
166	380
341	31
275	344
382	161
199	43
349	181
300	262
269	332
210	476
302	135
527	119
412	347
365	439
156	154
236	438
327	311
312	478
316	357
205	111
346	243
175	412
351	499
326	12
285	78
197	430
323	5
170	74
466	402
306	81
294	276
290	138
276	40
293	42
170	286
98	173
406	329
389	388
206	24
448	302
288	211
278	223
297	49
470	210
174	334
167	193
74	354
528	432
361	45
385	271
48	319
452	244
365	292
338	143
263	485
294	118
357	486
243	155
442	232
199	535
334	468
99	308
531	287
226	141
302	393
256	526
235	245
288	5
180	215
296	446
506	366
222	119
276	155
466	406
282	512
308	201
116	281
288	208
320	305
360	369
217	304
377	312
252	428
281	300
310	179
356	409
307	209
331	79
303	528
165	297
190	291
220	99
356	223
235	219
308	338
81	307
225	411
266	27
320	156
186	103
308	147
373	151
381	24
303	98
190	469
241	285
127	417
171	336
447	245
300	415
341	367
427	497
241	377
558	297
67	230
194	107
340	154
121	243
300	397
368	140
328	471
479	376
288	79
287	251
303	94
374	282
308	194
53	312
274	91
288	331
288	151
333	351
273	49
436	344
50	299
285	253
463	419
212	153
293	364
333	138
299	571
264	225
375	399
343	240
396	339
386	447
66	396
410	484
299	232
305	57
173	93
323	256
328	247
273	487
352	502
168	387
388	115
342	378
254	189
274	226
306	329
287	445
272	262
256	293
303	477
330	409
408	380
395	288
299	261
503	278
312	276
256	216
178	519
173	294
299	29
261	17
439	305
256	227
493	259
379	256
214	36
381	107
278	303
229	470
462	331
346	236
310	285
342	437
424	392
265	152
398	205
308	52
527	347
459	195
85	346
285	389
135	343
274	403
415	440
291	426
238	218
316	241
312	166
346	207
432	403
206	96
49	335
223	202
310	397
240	143
293	202
268	325
334	152
257	312
374	382
277	530
182	78
543	363
373	302
289	158
406	283
319	571
232	342
293	422
204	320
73	286
348	236
434	403
64	300
367	86
303	135
262	463
299	222
356	447
227	265
261	37
216	364
249	221
333	437
147	95
262	128
298	348
281	335
416	391
206	481
293	397
190	72
307	320
276	292
245	158
303	324
280	136
316	139
223	416
306	320
211	382
286	402
126	203
315	562
313	529
486	406
294	171
129	352
234	280
402	472
455	246
375	77
196	313
103	283
359	282
366	321
273	437
357	283
312	142
324	302
222	379
402	149
384	311
416	406
300	165
316	454
187	247
303	42
445	375
306	74
300	345
286	310
521	245
331	271
234	92
286	537
253	389
420	117
239	256
214	322
304	109
198	450
275	585
308	253
348	48
291	234
308	476
296	410
295	340
365	292
145	438
189	196
361	192
317	398
462	267
88	432
214	282
369	300
299	93
348	256
354	367
128	473
243	381