308	599
66	113
402	582
457	45
8	232
543	125
123	542
30	430
587	387
595	246
109	69
551	464
71	107
86	90
51	467
252	4
509	515
183	576
559	451
0	300
36	442
315	599
112	533
574	422
6	359
111	532
204	16
581	405
97	520
200	582
519	95
309	599
380	589
530	108
538	118
536	115
317	1
149	41
324	599
153	39
233	592
153	39
428	571
135	50
476	58
595	354
12	384
370	591
84	508
509	515
366	592
429	570
353	5
65	114
596	348
426	572
440	35
486	65
95	519
24	183
579	190
385	13
206	584
312	599
321	1
557	454
25	419
555	458
444	563
19	195
482	62
573	176
478	59
362	7
282	599
517	507
514	510
136	551
258	3
50	135
465	50
574	422
510	86
239	593
585	207
383	12
323	599
535	114
207	585
160	35
234	592
169	569
6	359
130	53
154	562
220	11
494	528
227	10
161	35
556	456
461	553
168	31
371	9
563	156
472	55
182	575
297	599
320	1
547	130
43	146
115	536
131	53
108	530
585	207
599	276
350	595
572	174
451	559
494	72
173	571
333	598
302	1
589	380
542	477
580	407
441	36
217	588
577	185
400	18
148	42
186	23
97	520
73	496
36	442
96	519
337	3
289	599
213	587
41	451
352	595
62	482
166	568
264	3
437	566
317	1
216	12
247	595
154	38
32	166
47	139
518	94
260	597
1	324
199	18
256	4
377	589
412	22
215	13
565	440
144	556
16	204
273	598
546	471
420	26
502	521
279	599
138	552
513	89
16	204
199	18
320	1
501	78
123	58
8	232
226	10
239	7
204	584
178	26
95	81
283	1
6	241
450	559
425	28
76	101
43	454
587	387
156	563
480	540
286	1
37	444
348	4
215	587
302	1
593	236
362	593
516	92
165	33
194	20
175	572
378	11
213	13
341	597
487	66
23	415
497	74
305	599
392	585
188	578
274	598
464	551
151	560
530	492
151	560
11	380
97	80
237	7
11	220
498	75
199	582
365	592
442	36
57	475
472	55
496	73
299	599
483	537
187	577
105	527
543	125
179	574
57	125
276	599
376	590
133	549
103	526
118	538
27	176
145	556
249	595
337	597
374	10
8	232
176	27
37	156
537	483
436	567
93	517
40	151
537	117
372	591
155	38
231	9
104	527
581	195
144	556
554	459
70	492
465	50
283	1
475	543
579	190
396	16
351	5
447	561
561	153
289	599
119	61
483	537
526	497
273	598
383	588
351	5
495	73
403	581
1	276
550	465
390	586
581	195
597	258
404	19
229	591
177	573
590	224
278	599
480	540
160	35
500	523
565	440
479	60
586	390
108	530
354	595
512	88
195	19
241	594
547	130
88	512
512	88
518	94
260	3
91	515
527	496
521	98
111	68
599	324
234	592
234	8
428	571
557	146
404	581
585	207
440	35
567	436
337	3
170	30
466	51
579	410
58	123
548	468
585	393
349	5
350	5
429	570
567	436
576	417
450	559
95	519
8	232
582	402
290	1
22	412
171	30
259	597
325	598
16	396
295	1
37	156
60	120
211	586
15	393
310	599
242	6
89	513
38	154
304	599
341	597
166	32
251	5
423	573
371	591
368	592
334	598
515	91
70	492
166	32
16	396
34	438
472	545
242	594
527	496
298	599
95	519
358	594
103	74
44	456
577	185
554	459
457	555
409	21
137	49
76	101
239	7
201	17
344	596
429	30
37	444
599	324
339	3
378	589
570	430
254	4
115	64
65	114
28	426
118	538
80	503
343	4
335	597
111	532
101	76
464	551
454	43
195	581
303	599
183	576
440	565
528	494
541	122
136	551
380	589
364	7
425	572
45	142
500	77
343	4
4	252
326	598
293	599
547	470
325	2
471	54
541	122
215	587
123	542
557	146
443	37
567	436
510	86
48	138
35	160
309	1
9	228
299	1
215	13
179	26
418	575
583	201
494	72
22	412
16	204
243	6
440	35
116	64
572	426
430	30
343	4
126	56
240	593
90	86
239	7
382	12
210	586
227	10
190	21
18	402
305	1
454	43
36	442
567	436
526	497
170	570
284	599
501	78
116	536
153	561
17	399
9	228
113	534
375	10
9	372
174	572
114	65
586	390
573	424
235	8
306	1
312	599
374	590
31	168
139	553
107	71
305	1
279	599
26	178
151	560
219	12
71	107
223	11
58	477
310	599
60	120
122	541
275	2
330	598
384	588
7	236
188	22
291	1
413	577
530	108
376	10
209	15
8	232
443	37
164	33
419	575
583	399
443	37
345	4
59	478
179	574
309	1
216	588
220	11
135	550
285	1
204	584
6	241
262	3
372	9
179	574
320	1
72	106
241	594
517	507
349	595
397	583
232	8
347	4
184	576
511	87
103	74
528	494
535	114
12	384
340	3
179	26
410	579
26	178
456	44
163	566
12	384
553	461
214	13
313	1
153	561
596	252
347	4
473	55
550	135
559	149
135	50
312	599
524	101
578	188
291	1
303	1
5	354
92	516
49	136
222	589
69	109
16	204
127	55
193	580
113	66
451	41
531	109
526	497
147	558
555	458
151	560
197	19
219	12
185	577
286	1
550	135
383	588
263	597
157	563
582	198
595	246
323	599
139	553
417	24
105	527
274	2
288	599
105	527
458	45
573	424
241	6
565	440
11	220
430	30
258	597
562	446
425	28
123	542
202	583
421	26
260	3
362	7
170	30
207	15
207	15
347	596
141	554
519	95
326	2
497	74
337	597
3	342
254	4
424	573
229	591
375	10
87	511
272	598
56	474
123	58
309	599
560	449
392	15
512	88
410	21
515	91
352	5
115	536
534	487
150	41
215	13
225	590
199	18
87	511
32	434
81	95
584	204
63	483
516	508
477	542
222	11
40	449
401	18
120	60
445	562
192	579
102	75
552	138
199	582
196	581
140	553
13	213
389	14
141	554
126	544
328	2
139	47
270	598
545	127
252	4
96	81
362	593
316	599
400	582
187	23
578	188
217	588
91	515
38	446
181	575
210	586
494	528
439	565
110	68
324	599
477	542
162	34
58	477
358	6
565	160
7	236
150	41
18	198
167	568
561	153
404	19
507	517
459	46
301	599
422	574
373	10
246	595
311	599
17	201
376	590
596	348
176	573
564	442
37	156
69	491
506	82
158	564
494	72
372	591
585	207
186	23
522	99
66	113
467	51
310	599
14	210
583	201
305	1
487	66
212	14
481	61
595	246
582	402
55	127
195	581
103	74
133	51
413	23
375	10
547	130
50	465
67	112
291	1
470	547
171	30
284	1
128	55
434	568
296	1
578	188
349	595
292	1
524	101
107	71
496	527
242	594
484	536
564	442
13	213
571	172
101	76
361	7
156	563
98	79
545	473
419	25
455	556
443	563
466	51
231	591
17	399
524	101
469	53
285	1
455	556
69	109
185	23
286	1
114	65
336	3
117	537
597	342
307	1
345	4
236	7
39	447
109	531
110	532
132	548
178	574
223	11
183	576
330	598
553	461
527	496
559	149
527	104
517	507
471	54
200	18
406	580
413	577
458	45
115	64
243	594
599	324
311	1
261	3
300	600
420	574
573	424
531	491
68	490
7	364
445	38
390	586
411	22
398	17
227	10
303	1
334	598
47	461
13	213
356	594
317	1
244	594
201	583
304	1
439	35
343	4
443	37
495	73
215	587
22	188
244	594
502	79
450	559
143	555
19	195
535	114
438	566
396	16
200	582
354	5
316	599
336	3
203	17
101	524
527	496
176	573
433	568
173	571
507	517
35	160
599	324
522	501
382	12
338	597
572	174
214	13
473	545
16	396
507	517
454	557
422	26
458	555
486	535
599	324
108	70
399	17
267	598
153	561
230	591
8	368
291	1
343	4
239	593
9	228
381	12
453	558
202	583
62	118
151	560
16	204
521	502
118	62
373	10
449	560
421	574
547	130
359	6
162	34
597	342
224	10
111	532
510	86
452	558
241	6
320	599
285	1
447	561
13	213
288	599
493	529
220	11
175	28
182	575
417	576
285	1
480	540
476	542
262	3
18	198
6	359
357	594
225	590
402	582
552	138
455	556
393	15
594	359
200	582
162	34
554	141
171	30
399	17
55	127
328	2
248	595
347	4
346	4
208	585
5	354
195	581
560	151
90	86
305	599
225	590
505	519
481	539
396	584
327	2
518	94
184	576
161	35
346	4
571	428
326	2
117	537
386	13
126	544
499	524
149	41
159	564
78	501
232	592
475	57
77	500
100	77
123	58
258	597
368	592
268	2
440	565
381	588
168	31
157	563
504	519
323	1
110	68
108	530
333	2
85	91
357	6
493	71
587	387
118	538
433	32
354	595
113	66
337	597
410	579
9	228
421	574
439	565
522	99
17	399
299	1
198	18
106	72
269	598
134	51
154	562
113	534
191	579
245	6
159	564
340	597
181	25
135	50
20	193
14	390
192	579
198	582
593	364
129	546
56	474
224	590
425	28
531	491
464	551
512	512
425	28
90	86
119	61
497	526
318	599
207	585
5	246
147	42
538	482
127	545
145	44
299	599
480	60
308	599
297	1
575	181
427	571
375	590
170	570
575	419
202	583
202	17
203	17
565	160
86	510
285	1
318	599
421	26
210	586
480	60
439	565
133	51
2	334
297	599
538	118
446	38
540	480
480	60
72	494
408	579
377	11
306	599
498	525
457	555
348	596
259	597
524	499
455	44
385	13
98	521
219	588
184	576
47	461
136	551
143	555
177	27
382	588
296	599
1	324
580	407
313	1
112	67
174	28
159	564
13	387
351	5
273	598
76	101
464	49
412	22
132	52
147	558
394	584
445	562
391	15
552	462
214	587
133	549
103	526
251	5
289	1
283	599
312	1
579	190
562	154
162	566
235	8
458	45
440	35
19	195
328	598
243	6
487	66
36	158
76	499
182	575
482	538
540	120
52	468
539	119
394	584
580	193
440	565
546	471
317	599
87	89
1	276
561	447
495	73
346	4
266	2
245	594
172	571
388	586
513	511
279	1
475	57
198	18
159	564
328	598
340	3
164	33
116	64
524	499
562	446
490	532
571	172
563	444
90	514
144	556
228	591
331	598
554	459
358	6
52	132
127	55
114	535
343	4
134	51
514	510
525	102
114	65
117	63
556	144
129	546
116	536
471	546
315	1
122	59
294	599
99	522
347	4
210	14
533	112
243	594
390	14
516	92
340	597
378	11
484	64
252	4
107	71
79	502
364	7
0	300
139	553
256	4
96	519
25	181
87	89
135	50
5	354
146	557
429	570
400	18
200	18
103	526
322	599
344	4
169	31
15	393
201	17
399	17
459	554
139	553
556	144
262	597
521	502
156	563
161	35
250	5
451	559
279	599
453	42
198	582
286	599
572	426
500	523
556	144
55	473
66	113
455	44
373	10
288	599
285	1
219	12
355	594
49	464
496	527
208	15
278	599
528	494
251	595
143	555
35	160
112	67
453	42
211	586
46	459
518	506
522	501
168	569
513	89
102	75
229	591
31	432
522	99
90	514
335	597
391	585
585	393
419	575
94	518
197	19
318	599
157	563
270	2
205	584
319	599
95	81
283	1
445	38
199	18
376	590
348	4
72	106
544	474
235	592
425	28
177	27
418	25
283	599
294	1
459	46
537	117
495	73
541	478
352	595
530	492
103	74
599	324
190	21
45	142
244	594
188	578
426	28
116	64
475	57
37	444
393	585
282	599
394	584
96	519
50	135
421	26
113	534
140	553
469	547
324	599
362	593
280	1
486	65
426	572
161	565
512	512
378	11
48	138
293	599
264	3
359	6
310	1
164	33
534	487
560	449
266	598
178	574
475	543
39	153
78	501
514	510
18	402
97	520
86	510
59	122
415	577
573	176
415	23
164	33
34	162
12	216
89	513
151	560
257	596
402	18
158	564
489	532
520	97
235	8
80	97
24	183
508	516
342	597
438	566
395	584
227	590
173	29
263	597
109	69
309	1
219	12
132	52
226	10
526	103
156	563
98	79
568	166
25	181
463	49
189	22
487	534
29	428
303	1
238	593
281	1
500	523
285	599
30	430
106	72
255	4
543	125
56	474
536	115
162	566
436	33
154	562
11	380
558	453
253	4
19	405
142	45
353	5
205	584
446	38
252	596
263	597
90	514
278	599
139	553
132	548
425	28
231	9
148	558
199	18
172	29
91	85
440	565
9	372
263	3
322	1
492	530
459	46
559	149
464	49
437	34
307	1
97	80
522	501
500	77
295	1
73	104
368	592
427	29
487	534
71	107
349	5
166	32
231	9
435	33
394	584
67	112
42	453
106	528
374	590
353	5
88	88
373	10
488	533
300	0
488	533
409	21
562	154
47	461
206	584
545	473
16	204
584	204
166	32
446	562
238	7
167	568
134	549
159	36
550	135
558	147
23	415
56	474
119	61
506	518
116	64
175	28
294	1
264	597
562	446
177	573
96	519
104	527
462	552
505	81
133	549
533	112
321	1
41	149
167	568
595	246
79	98
247	595
400	582
575	419
186	577
1	324
559	149
482	538
467	51
80	503
171	570
566	162
130	547
168	569
501	78
550	465
432	31
206	584
10	376
130	53
348	596
152	40
423	573
8	232
138	48
448	40
235	592
260	597
109	69
25	181
399	583
0	300
77	500
64	115
264	597
132	548
73	104
203	17
436	567
167	32
15	207
173	571
88	512
307	1
22	188
152	560
304	1
524	499
114	65
136	49
455	556
161	35
520	97
390	586
57	125
297	1
205	16
51	467
568	434
535	486
458	45
200	18
452	42
398	17
370	591
508	84
537	117
69	491
242	6
333	2
460	553
204	16
552	462
597	342
342	3
429	30
517	507
110	532
495	527
587	213
346	4
582	198
35	160
597	258
6	241
484	536
392	585
267	598
277	599
32	434
134	549
176	27
2	266
158	36
221	589
78	501
326	2
307	599
345	596
436	33
70	108
390	586
393	585
539	119
72	494
96	81
507	517
524	101
397	17
444	37
74	103
483	537
185	577
39	447
496	527
63	117
518	506
200	582
227	590
279	1
252	596
216	12
515	509
125	543
252	596
35	440
58	123
334	2
287	599
29	428
154	38
424	573
291	1
206	584
218	588
387	587
86	510
70	108
313	599
584	204
184	576
104	527
345	4
92	84
597	258
355	594
149	41
429	570
376	10
379	11
498	75
67	488
417	576
444	37
89	87
552	462
151	40
327	598
579	190
240	7
574	178
115	536
115	536
73	104
306	1
141	554
599	324
444	37
410	579
119	61
311	1
114	65
437	34
60	480
116	64
455	556
575	181
73	104
34	162
585	207
509	515
310	1
125	543
113	534
548	132
179	26
23	185
32	434
261	3
251	5
480	540
363	7
252	4
371	9
524	499
464	551
508	84
163	34
513	511
126	56
500	523
283	599
125	57
72	106
196	19
215	13
187	23
506	82
544	126
332	2
535	486
418	25
291	599
352	595
565	160
335	3
93	517
509	515
5	246
541	478
318	1
485	64
185	577
215	13
336	597
335	3
245	594
51	467
319	599
536	115
174	28
553	461
100	77
115	64
291	599
508	516
53	470
153	39
487	66
470	547
591	372
33	436
308	1
472	55
44	456
480	540
280	1
583	201
484	536
17	201
363	593
543	475
160	35
159	564
583	201
244	6
545	127
493	529
550	465
164	567
141	46
61	119
7	236
310	599
258	597
245	594
433	568
172	571
273	2
538	482
574	178
116	64
60	480
473	55
25	181
499	524
479	60
440	565
528	494
104	73
306	1
106	528
434	32
15	207
508	516
512	512
80	97
410	579
41	149
319	599
16	204
129	54
413	23
392	585
229	591
507	83
303	1
227	10
80	503
434	568
542	477
579	410
58	477
131	53
302	599
420	574
382	12
179	574
468	548
263	597
187	23
10	376
573	176
501	78
336	597
515	91
11	220
111	532
494	528
202	583
287	1
60	120
481	539
548	132
591	372
11	380
55	473
370	591
129	546
28	426
510	514
165	33
566	162
450	559
474	56
307	1
104	527
483	63
60	120
416	576
435	33
246	595
587	213
174	28
39	153
347	4
183	24
477	542
107	71
142	45
16	396
282	1
419	25
460	47
427	29
332	598
331	2
100	77
109	531
178	26
250	595
303	599
349	5
430	570
280	599
240	7
373	10
76	101
343	4
517	93
154	562
75	498
484	536
443	37
55	127
66	487
231	9
181	25
21	190
148	42
390	14
292	1
270	2
388	586
246	595
320	1
53	130
113	534
442	564
413	23
399	583
314	599
161	35
406	20
340	597
395	584
187	23
294	599
382	588
182	575
52	468
153	39
223	11
242	594
264	3
471	54
511	513
527	496
188	22
465	50
564	158
119	61
3	258
370	591
368	8
95	81
70	492
134	51
438	34
307	599
42	453
213	587
253	4
292	1
262	3
593	236
563	156
501	78
385	13
579	190
402	18
393	15
264	597
89	513
293	1
7	236
333	2
379	11
107	529
438	566
440	565
329	2
123	542
488	533
418	25
110	532
334	2
594	359
229	591
40	151
544	474
290	1
237	7
356	6
423	573
376	10
505	519
102	525
130	547
37	156
81	505
567	436
10	224
582	402
425	572
244	594
467	549
585	207
589	380
518	506
532	490
398	583
395	16
268	2
146	557
198	18
163	34
473	55
137	49
383	588
593	236
28	426
538	482
447	561
353	5
131	53
93	83
284	1
234	592
430	30
329	598
193	20
252	596
514	510
182	575
83	93
129	54
67	112
210	586
320	599
319	1
440	565
32	434
486	65
547	130
522	501
33	164
498	525
31	432
28	174
535	114
318	1
260	597
260	3
133	51
360	7
448	40
296	1
256	596
81	95
153	39
258	3
152	560
163	34
312	599
564	442
551	464
90	86
7	364
76	101
40	449
500	77
90	514
456	44
297	1
520	97
505	519
355	6
553	461
442	36
564	442
166	32
594	359
573	424
109	531
399	17
79	502
47	139
201	583
349	5
502	521
464	49
7	364
528	106
151	40
58	477
22	412
469	547
28	426
82	506
531	109
584	396
38	446
469	547
288	599
545	127
293	1
571	428
318	1
143	45
176	27
72	494
307	1
463	551
48	138
125	543
596	348
517	93
186	577
514	510
460	47
248	595
569	432
119	61
306	1
50	135
151	40
598	266
575	181
110	68
420	26
251	595
581	195
520	503
205	16
267	2
528	494
488	67
78	99
264	3
368	592
230	591
368	8
210	14
461	47
223	589
243	6
239	593
393	15
294	1
36	442
123	542
513	511
91	85
200	582
536	115
44	456
111	532
31	168
351	5
218	588
133	549
281	1
157	563
373	590
275	2
52	468
79	502
211	14
54	129
419	25
357	6
129	54
153	561
255	4
146	557
201	17
14	390
426	572
417	576
461	47
242	6
223	11
121	540
97	80
277	1
227	10
250	595
148	42
503	520
198	582
542	477
383	12
356	594
458	555
480	540
99	522
40	449
234	8
439	35
367	592
516	92
220	589
379	589
240	593
318	599
335	3
215	587
519	95
180	574
61	119
21	410
502	521
545	473
306	1
476	58
298	1
550	465
2	334
261	3
562	154
258	3
214	13
65	114
365	8
578	412
63	483
92	516
240	593
249	595
313	599
61	119
190	21
304	599
65	114
427	571
485	64
495	73
215	587
113	534
463	551
113	66
597	342
42	147
69	109
596	252
261	3
541	122
342	3
238	7
597	342
217	588
30	430
97	520
534	113
330	2
239	593
463	551
441	36
138	552
315	599
477	58
64	115
416	576
254	4
596	348
483	537
524	101
184	576
571	172
159	564
288	599
593	236
126	56
504	81
592	368
491	69
266	598
312	1
2	266
363	593
325	598
573	424
510	514
552	138
442	36
502	521
135	50
466	51
363	593
70	108
536	485
179	574
349	5
415	23
32	166
9	372
151	40
56	126
550	465
153	561
26	178
40	449
388	586
165	567
505	519
471	54
207	585
503	80
114	65
115	536
533	112
171	570
412	578
344	4
21	410
392	585
95	81
375	590
546	129
271	2
590	376
16	396
432	569
402	582
335	597
487	66
205	584
494	528
369	591
258	597
521	98
377	589
500	77
312	599
581	405
348	596
172	29
211	14
463	551
49	464
582	402
6	241
108	530
45	142
465	550
528	494
396	584
511	87
318	1
543	475
50	465
183	24
264	3
285	599
25	181
279	599
372	9
46	141
319	599
245	6
554	141
343	596
445	38
134	549
105	73
48	138
324	599
132	548
294	599
291	599
201	17
41	451
285	599
258	3
233	8
377	11
46	141
132	52
21	190
43	454
89	513
568	166
143	45
392	15
194	20
119	539
491	531
290	599
29	172
470	53
486	65
382	12
250	5
209	585
322	1
298	599
513	511
529	493
247	5
535	486
367	592
254	596
459	46
127	55
471	54
62	482
83	93
287	1
50	465
580	407
23	185
262	597
463	49
440	35
273	598
412	22
18	402
421	574
590	224
187	577
217	12
29	428
83	507
49	136
473	55
407	580
240	593
140	553
389	14
554	459
568	166
20	407
271	598
30	170
143	45
283	599
349	5
209	585
306	1
544	474
244	594
128	545
362	593
231	591
40	449
537	117
496	527
298	599
354	595
519	95
218	12
283	1
367	8
37	444
524	499
22	412
224	10
481	539
280	599
548	468
460	553
562	154
542	123
426	28
166	568
587	387
571	172
206	16
557	146
389	586
446	562
410	21
238	593
400	582
158	564
238	593
460	47
202	583
301	1
154	38
361	7
277	1
479	60
248	595
425	572
389	586
275	598
126	544
149	559
255	4
496	73
18	402
165	33
211	14
89	513
379	589
117	537
403	581
513	89
374	590
80	503
201	583
311	1
79	98
152	40
300	0
123	542
27	424
203	17
587	387
278	1
372	591
270	2
71	107
318	599
540	480
246	5
341	597
487	66
160	565
474	544
146	43
50	465
134	51
362	593
228	591
89	513
583	399
578	412
151	40
128	545
277	1
143	555
125	543
326	2
197	581
352	595
12	384
393	15
254	596
198	18
244	594
29	172
152	560
268	2
286	1
365	592
70	492
319	1
85	509
352	595
451	41
598	334
224	10
509	515
536	485
290	599
518	506
126	56
300	0
583	399
152	560
560	151
538	118
489	68
65	486
73	496
30	430
151	560
529	493
97	520
399	583
91	85
501	78
113	534
526	103
48	138
512	512
350	5
101	524
34	438
46	141
206	584
1	324
385	13
3	342
313	1
336	597
309	1
223	589
553	139
35	440
306	1
572	426
10	376
221	589
206	584
390	586
170	570
513	511
118	62
193	580
161	35
87	511
148	558
135	550
418	575
407	20
483	537
319	599
512	512
155	562
32	166
126	544
449	560
209	15
147	558
529	107
486	535
151	560
283	1
168	569
264	597
277	1
133	51
261	3
60	120
542	123
38	446
298	1
239	593
126	56
595	246
94	82
347	4
484	536
240	593
504	519
96	519
177	573
541	478
74	497
347	4
567	436
506	82
239	7
337	597
51	467
164	33
540	480
436	567
443	563
197	19
202	17
141	554
8	368
335	597
370	591
559	149
485	64
177	27
239	7
506	82
133	549
200	582
431	569
141	46
544	126
263	3
10	376
555	142
566	162
79	98
89	87
239	593
330	598
262	597
119	61
327	2
416	576
428	571
427	571
347	596
134	549
265	597
156	563
294	1
534	487
128	545
259	3
84	508
90	86
351	595
100	77
546	471
486	535
452	558
188	22
417	576
522	501
361	593
500	523
563	156
517	507
288	599
172	29
28	426
570	170
150	559
32	166
233	592
326	598
548	468
326	2
92	516
271	2
217	12
405	19
229	9
254	4
217	12
200	18
346	4
53	130
544	474
560	151
455	44
26	422
247	595
173	571
590	224
402	582
110	68
557	454
121	60
86	510
271	2
395	584
282	1
64	485
1	276
17	399
553	139
438	34
162	34
453	42
101	524
206	584
139	553
567	436
425	28
112	533
472	55
105	73
521	502
535	486
349	595
589	220
482	62
111	68
233	592
362	7
308	1
280	599
574	422
79	502
291	1
537	117
150	559
118	538
417	576
301	1
535	114
210	586
54	471
41	149
328	2
465	550
560	449
347	596
289	1
338	597
66	113
164	33
462	48
358	6
385	13
231	9
276	599
483	63
505	81
15	393
330	598
76	499
140	47
372	591
561	447
234	8
195	581
566	162
524	101
134	549
562	446
8	368
24	183
123	542
208	15
334	2
53	470
528	494
300	600
558	147
146	557
348	596
0	300
235	592
596	252
160	565
322	599
508	84
127	55
592	232
54	471
457	45
395	16
481	539
228	591
374	10
552	462
372	591
471	54
69	109
106	72
65	486
100	523
393	585
117	537
236	593
375	10
237	7
401	582
548	132
409	579
232	592
510	514
38	154
396	16
11	380
33	436
189	578
540	120
560	151
125	543
173	29
359	6
125	543
274	598
107	71
166	568
535	114
434	568
358	594
137	551
183	576
590	376
89	87
598	266
304	599
484	64
46	459
299	1
14	390
68	490
563	444
159	36
175	572
334	2
488	533
316	599
437	566
549	133
527	104
239	593
554	459
310	1
203	583
598	266
299	599
25	181
521	98
512	88
301	599
6	241
201	583
576	183
442	564
81	505
308	1
290	599
237	593
167	568
247	595
60	480
545	127
198	18
503	80
542	477
397	583
336	597
67	112
562	154
218	12
176	573
181	25
356	6
563	444
154	562
40	449
18	198
139	553
207	585
403	581
404	581
562	154
182	575
363	7
133	549
448	560
84	92
396	16
567	436
176	27
196	581
545	473
371	9
526	497
135	50
407	20
518	506
369	591
261	3
86	90
173	571
449	40
138	48
151	560
465	50
497	526
529	107
278	1
499	524
429	570
476	58
121	540
593	236
317	1
25	419
374	10
14	390
280	1
197	19
344	596
246	595
569	168
565	440
211	14
174	572
325	2
328	2
3	342
376	10
299	599
374	10
169	569
332	598
138	552
115	536
317	1
400	582
101	76
188	578
180	574
25	419
242	594
592	368
363	593
319	599
46	141
527	104
553	461
116	536
2	266
486	65
385	587
477	542
201	17
25	181
333	2
79	98
39	447
135	550
203	17
306	1
555	458
234	592
340	3
553	461
413	577
163	34
527	496
368	592
120	60
265	3
146	43
300	600
464	49
203	17
289	599
550	135
253	596
65	486
548	132
448	560
6	241
54	129
365	8
285	1
590	376
536	115
79	502
589	380
90	86
518	94
560	449
94	518
361	593
368	8
415	577
107	529
426	28
291	599
478	541
449	40
64	485
90	86
384	12
149	559
433	32
69	491
499	524
158	564
418	25
5	354
495	527
584	204
132	548
229	9
485	64
167	568
586	210
82	94
281	599
0	300
104	527
428	571
232	8
59	122
317	1
234	592
258	597
179	574
17	399
361	7
352	595
291	1
447	39
142	555
302	599
514	510
332	598
14	390
202	583
288	599
405	581
589	220
370	591
214	587
541	122
171	30
458	45
594	359
196	19
48	138
227	10
8	368
528	494
353	595
525	102
321	599
47	139
248	595
261	3
31	432
267	2
447	561
343	596
582	198
188	578
357	594
292	1
581	195
361	7
143	555
500	77
418	575
543	125
255	596
582	198
113	534
303	599
233	8
522	99
285	599
548	132
8	232
366	592
37	156
90	86
149	559
421	26
576	183
152	40
128	545
161	565
225	10
518	94
596	348
17	201
171	570
263	597
407	20
163	566
196	19
248	5
103	74
251	595
446	38
454	43
453	42
89	513
177	27
460	553
429	30
367	592
394	16
202	583
236	7
224	590
271	598
182	25
8	232
250	595
176	573
239	593
403	19
396	584
263	597
556	144
120	540
0	300
112	533
88	512
412	22
290	599
265	3
249	5
125	543
518	506
419	575
372	9
550	465
173	571
14	390
178	26
193	20
528	494
96	519
582	198
410	579
131	547
151	560
508	516
202	583
395	16
338	3
283	1
82	94
568	166
435	567
268	2
187	23
171	30
159	564
496	527
324	1
368	8
299	599
236	7
179	26
5	246
457	555
40	151
354	5
393	15
153	39
483	537
555	458
285	599
207	15
417	24
4	252
118	538
131	53
229	9
244	6
232	8
444	37
206	16
131	547
348	596
236	7
525	102
181	575
530	108
86	90
333	2
439	565
455	556
394	584
418	25
520	97
432	569
352	5
594	241
249	5
109	531
56	474
550	465
477	542
86	90
296	1
393	15
209	585
121	60
357	6
591	228
44	456
121	540
576	417
391	585
272	2
472	545
386	13
441	36
15	393
213	13
519	505
33	436
566	438
182	575
95	81
561	447
172	571
199	582
16	396
394	584
3	258
225	590
461	553
451	41
262	597
364	7
569	168
176	27
257	4
444	563
300	0
500	77
596	348
63	483
388	14
94	82
232	8
228	9
373	10
264	597
119	61
477	58
313	1
370	591
71	107
573	176
192	21
371	9
264	3
291	599
457	555
288	599
73	496
45	458
470	547
170	570
6	359
533	112
572	426
380	11
20	193
399	17
400	582
67	112
571	172
168	31
474	56
540	120
563	444
320	1
501	78
112	533
191	21
496	527
412	22
562	446
204	584
292	1
31	168
151	560
466	549
450	559
347	596
12	216
481	61
329	598
5	354
540	480
541	122
450	559
191	21
15	393
147	42
330	598
329	2
411	578
113	66
238	593
113	66
47	139
81	95
284	1
2	334
298	1
389	14
32	434
65	114
304	1
180	26
428	571
266	598
157	563
315	599
318	599
383	588
71	493
253	596
573	176
177	573
319	599
299	599
516	92
580	407
496	73
348	596
142	555
311	599
582	402
262	597
407	20
49	136
304	1
146	43
577	415
565	160
383	12
467	51
388	14
294	1
588	384
135	550
315	599
451	559
277	599
28	426
190	579
564	158
279	1
68	490
298	599
122	59
453	42
593	364
162	34
82	94
95	519
1	276
441	36
514	510
140	553
138	48
301	599
378	11
576	417
582	402
61	119
316	599
373	10
544	126
403	19
397	17
270	598
221	589
203	17
521	502
511	87
444	37
217	12
345	4
310	599
566	162
455	556
240	7
85	509
5	354
36	158
89	513
389	14
168	31
541	122
83	93
491	69
469	547
455	44
397	17
446	562
286	599
322	599
33	436
454	43
308	599
551	464
284	599
310	1
486	535
395	16
356	594
227	10
315	1
537	117
480	540
355	594
483	537
483	537
155	38
182	25
281	599
314	1
545	127
280	1
571	172
233	8
264	597
452	558
312	599
549	467
512	512
346	4
456	556
39	153
443	563
417	576
72	494
199	18
261	3
517	93
211	14
242	6
532	110
122	541
169	31
566	162
448	560
254	4
75	498
288	1
332	2
538	118
500	77
204	16
515	509
369	591
481	539
404	19
19	405
16	204
153	561
239	7
469	547
236	7
398	17
508	516
458	45
558	453
538	482
372	9
335	3
505	81
194	20
506	82
217	588
138	48
542	123
438	566
81	95
335	597
526	497
285	1
561	153
152	40
454	557
386	13
317	1
9	372
418	25
505	519
563	444
325	2
50	135
381	12
482	538
596	252
367	8
545	127
54	129
333	598
291	1
196	19
522	501
76	499
77	100
291	1
500	523
261	3
450	41
274	2
500	523
510	86
164	33
98	79
452	42
17	201
375	590
293	599
121	60
543	125
430	30
365	592
160	35
381	588
570	430
88	88
385	13
290	599
299	1
446	38
583	201
382	588
580	193
88	88
438	566
245	594
347	4
259	597
347	596
162	34
246	5
411	22
431	31
443	563
270	2
520	503
284	1
179	574
247	595
371	9
557	146
387	13
102	525
553	461
434	32
479	60
89	513
358	6
297	1
174	572
578	412
499	524
30	430
514	90
540	480
425	28
419	25
92	84
291	599
451	559
320	599
209	585
224	10
31	168
116	536
271	598
435	567
293	599
185	23
591	228
166	568
390	586
435	33
36	442
8	368
317	1
489	532
395	16
567	436
385	13
442	564
289	599
340	597
177	573
33	436
247	595
395	584
206	584
193	580
577	415
575	419
388	14
49	136
50	135
450	41
16	204
593	364
448	40
490	68
403	19
107	71
110	532
365	592
325	2
426	572
389	14
166	32
266	2
501	78
1	276
572	174
344	4
484	536
250	5
425	572
422	574
578	188
223	589
457	555
391	15
177	573
52	468
63	117
492	530
288	1
437	566
242	6
509	85
544	474
392	585
37	156
368	8
170	570
103	526
154	38
144	556
66	113
267	598
542	123
135	550
255	596
417	24
320	599
275	2
432	569
256	596
98	79
60	480
199	18
129	546
14	390
444	37
322	599
53	470
185	577
573	424
500	77
82	506
370	591
342	597
240	593
198	582
259	3
166	32
526	497
90	514
175	28
415	23
251	5
359	6
138	48
235	8
509	85
68	490
236	7
10	376
292	599
5	246
421	26
226	10
490	68
573	176
82	506
253	596
427	571
453	42
574	422
534	487
133	51
122	541
417	576
467	549
321	599
514	90
564	158
300	0
16	204
574	178
3	258
218	588
270	598
530	492
425	28
560	151
225	10
40	449
166	32
213	13
554	459
432	569
412	22
432	569
378	11
339	3
237	593
138	552
78	501
106	72
7	364
23	185
548	468
587	213
199	582
412	578
419	575
484	536
537	117
50	465
510	86
350	595
390	586
577	185
329	598
474	544
403	19
397	583
586	210
279	599
208	15
540	120
112	533
401	18
382	588
526	497
63	117
195	19
136	551
443	37
18	198
438	34
218	12
64	485
359	594
287	599
453	558
194	20
446	38
92	84
144	556
408	579
554	459
207	15
488	533
396	16
254	596
65	114
112	533
115	64
208	15
567	164
201	17
360	7
280	1
9	372
523	100
596	348
169	569
405	19
17	201
337	3
215	13
120	540
73	496
89	87
336	597
469	547
537	483
339	3
411	22
331	598
211	14
310	1
67	488
170	30
513	511
316	1
347	4
222	589
561	447
392	15
499	76
434	32
585	207
231	9
489	532
158	36
123	58
290	1
209	585
474	56
210	14
514	510
525	498
320	1
443	37
35	160
573	424
116	64
189	22
25	419
80	503
423	573
216	588
349	5
16	204
136	49
97	80
480	540
306	599
289	599
212	14
541	122
419	575
231	9
312	599
547	130
571	428
393	585
318	599
345	596
453	558
288	599
50	135
168	569
357	6
262	3
416	576
508	516
312	1
287	599
47	461
523	500
7	364
466	549
329	2
67	112
203	583
319	599
176	27
407	20
154	562
530	492
347	596
211	586
528	494
302	599
30	170
291	599
487	534
387	13
93	83
487	66
471	546
473	55
561	153
282	1
173	571
354	5
488	67
510	86
192	21
139	553
89	87
224	10
127	55
522	99
333	598
466	549
596	252
25	181
567	436
291	1
243	6
321	599
316	1
568	166
531	109
232	8
524	101
511	87
483	537
99	522
158	564
190	21
286	1
67	488
511	513
320	1
591	372
12	216
251	5
463	49
445	562
433	32
330	598
250	5
359	594
545	127
244	594
457	45
593	236
173	571
477	542
195	581
357	594
390	14
81	505
598	266
330	598
51	133
112	67
295	599
400	18
305	1
371	9
389	586
433	568
304	599
300	600
538	482
394	584
220	11
170	30
73	496
367	592
401	18
178	574
105	527
481	61
246	5
446	562
599	324
499	76
483	537
65	486
223	589
136	49
562	446
545	127
300	0
7	236
304	599
76	101
315	599
543	125
13	213
82	94
276	1
234	8
311	1
449	560
8	368
357	594
331	598
475	57
227	10
390	586
156	37
17	399
355	6
53	470
537	483
499	524
582	402
443	37
587	213
469	547
496	527
53	130
188	578
60	480
58	123
97	520
328	2
534	487
283	1
23	185
271	2
245	594
227	10
593	236
465	550
572	174
450	41
242	594
96	519
328	598
325	598
283	599
345	4
383	588
265	597
57	475
226	10
92	84
382	12
327	2
37	156
240	593
292	1
418	25
163	566
338	3
272	2
48	138
250	5
128	545
128	55
599	276
519	505
483	63
178	574
228	591
108	70
423	573
25	419
497	74
242	6
591	228
216	12
196	19
535	486
165	33
508	516
462	552
490	532
71	107
317	1
545	473
337	3
99	78
253	596
281	599
225	590
587	213
447	39
372	591
582	402
185	577
416	576
153	39
110	532
564	442
186	577
412	578
49	464
304	599
403	19
64	115
131	547
458	555
490	532
35	160
536	485
321	599
554	141
589	380
87	89
182	575
588	384
32	166
576	183
148	558
393	15
1	324
357	6
40	151
301	1
469	53
508	84
233	592
149	41
300	0
338	597
152	560
9	372
426	28
289	599
137	551
530	108
520	97
410	21
8	232
44	144
78	501
115	64
189	22
77	100
380	589
11	220
208	15
556	456
260	597
584	396
148	558
434	568
490	68
351	5
167	32
132	548
563	444
92	516
24	417
422	574
225	10
389	14
560	449
161	35
500	77
394	16
545	127
165	567
2	334
184	24
505	81
7	364
383	588
41	149
240	7
260	597
205	584
180	26
493	71
147	558
77	500
203	583
404	19
391	15
292	599
439	565
538	482
194	20
303	599
190	21
87	89
139	553
294	599
493	529
18	402
360	593
476	58
158	564
440	35
68	490
20	407
11	220
430	570
522	501
277	599
424	27
153	561
327	598
463	49
252	596
13	387
267	2
164	567
504	81
371	591
232	8
255	596
286	599
48	462
41	149
63	483
242	594
220	589
100	77
100	523
244	6
56	126
408	21
209	585
540	480
295	1
527	496
416	24
284	1
501	78
197	581
376	10
241	6
554	141
270	598
90	86
154	38
8	368
179	26
55	127
335	3
112	533
437	566
499	524
186	577
257	4
88	88
325	2
449	40
513	89
337	597
452	42
585	393
241	6
264	597
243	594
12	384
252	596
558	453
389	14
412	22
136	49
160	35
273	2
53	130
411	578
17	399
358	6
118	538
390	14
491	531
168	31
16	396
533	112
174	28
193	20
445	562
197	581
215	13
256	4
297	599
532	110
74	103
349	5
252	596
388	586
496	527
306	1
166	568
56	126
562	154
395	584
121	60
597	258
147	42
310	599
435	33
538	482
473	545
596	252
336	3
552	138
259	597
53	130
563	156
561	153
4	252
55	473
390	586
588	216
310	599
408	579
460	553
103	74
0	300
535	486
382	12
35	160
488	67
54	129
82	94
260	597
1	276
82	506
453	558
78	501
518	94
401	18
34	162
288	1
108	70
362	7
465	50
84	92
395	16
288	599
256	596
204	584
165	33
367	8
324	599
558	147
206	584
381	12
89	513
17	201
393	585
258	597
421	574
509	515
57	125
287	599
313	599
567	436
173	571
570	170
111	532
170	570
425	572
136	49
284	1
214	13
548	468
353	595
159	564
428	29
308	599
264	3
288	599
207	15
3	342
128	545
225	590
92	84
229	591
39	153
544	126
154	562
119	539
46	141
227	590
131	547
89	87
126	56
489	68
409	579
76	499
124	542
415	577
521	98
109	69
117	63
320	599
586	390
63	483
138	48
556	456
510	86
76	101
253	4
57	125
88	512
341	3
210	14
316	599
276	1
180	26
102	75
425	28
202	17
81	505
91	85
246	5
515	509
138	552
345	4
212	586
281	599
496	527
286	1
381	12
291	1
480	60
439	565
319	599
286	599
287	1
396	16
430	30
164	33
557	454
407	580
141	554
417	24
475	57
581	195
86	510
424	573
100	77
539	119
300	0
458	45
551	136
201	583
232	8
294	1
18	198
378	589
537	117
386	587
152	40
386	13
50	135
224	590
548	468
6	241
151	40
401	18
443	37
375	590
503	520
453	42
254	596
166	568
371	591
72	106
373	590
33	436
341	597
295	599
124	58
172	571
130	53
528	106
289	599
161	565
56	474
293	599
499	524
376	590
56	126
481	539
452	558
350	5
292	599
328	2
384	588
138	48
289	1
435	33
427	29
163	34
270	598
2	266
87	511
227	10
267	598
455	556
243	594
142	555
354	595
537	117
476	58
115	536
73	104
246	5
191	21
249	5
46	141
279	1
68	110
187	23
385	587
111	68
477	58
188	578
461	553
284	1
460	553
3	258
38	154
532	490
16	204
160	565
187	577
153	561
584	204
76	499
397	583
461	47
365	592
349	5
278	1
390	586
340	3
591	372
571	428
346	596
497	526
187	23
426	28
508	516
429	570
395	16
84	92
189	578
497	74
515	509
67	488
483	63
592	368
258	597
412	22
508	516
216	588
526	103
126	56
275	598
433	32
179	574
193	580
474	56
172	571
564	158
432	569
454	557
596	252
240	593
39	153
166	32
208	15
326	598
380	589
204	584
118	538
64	485
569	432
329	2
385	587
371	9
520	97
172	571
468	548
101	524
541	478
308	1
5	354
334	2
536	115
241	594
450	41
39	447
416	576
414	577
262	3
421	26
584	204
361	593
300	0
174	28
172	29
545	127
466	549
66	113
565	160
335	597
424	573
107	529
353	595
325	2
270	598
77	100
67	112
473	55
545	473
142	45
184	24
554	141
501	78
438	34
511	87
209	15
547	130
272	598
112	67
306	599
109	531
295	1
262	597
24	183
301	599
353	595
572	174
187	577
553	139
423	27
91	515
405	581
457	45
106	72
34	162
96	519
7	364
7	364
156	37
233	8
61	119
371	9
93	83
432	569
186	577
56	126
397	583
533	112
525	102
430	30
251	5
444	563
144	44
90	514
570	170
25	419
349	5
113	534
559	149
396	16
492	70
325	2
128	545
310	1
459	46
311	599
214	13
490	68
507	83
194	20
163	34
380	589
514	90
62	482
12	216
213	13
243	594
58	123
320	599
60	480
31	432
49	136
503	520
93	83
342	597
582	402
412	578
398	583
430	30
327	2
283	599
21	190
115	64
100	77
498	525
163	566
356	6
472	55
307	599
515	91
348	596
63	117
120	540
307	1
38	154
470	53
22	412
265	597
200	18
574	178
570	430
166	32
312	599
457	555
158	564
438	34
481	61
331	2
388	14
94	82
303	1
297	1
217	12
548	132
150	559
597	342
107	71
314	1
182	25
71	493
339	597
403	19
26	422
109	69
420	574
36	158
59	122
43	454
345	4
404	19
57	475
363	7
162	34
91	515
402	18
391	15
167	32
38	154
201	583
97	80
147	558
177	27
264	3
489	532
186	577
379	589
261	597
102	525
418	575
53	470
400	18
435	567
429	30
530	492
371	9
468	548
21	190
280	1
304	1
262	597
535	486
422	574
342	597
138	48
432	31
339	3
204	16
129	54
98	79
565	440
36	158
424	573
447	561
223	11
553	139
14	210
84	92
304	1
352	5
529	493
551	136
307	599
162	566
380	11
506	82
497	74
592	232
204	584
221	589
152	560
373	590
565	160
94	82
71	493
72	106
313	1
36	442
383	12
390	14
185	23
543	125
35	440
355	6
89	513
50	465
344	596
138	552
528	106
81	505
397	17
48	462
269	598
91	85
572	174
460	47
306	599
424	573
271	598
570	430
421	574
347	4
227	590
331	598
522	99
240	7
511	513
125	57
305	1
63	483
501	78
577	415
318	1
559	451
208	15
415	23
459	554
395	584
452	558
563	444
231	9
416	24
369	591
3	342
346	4
396	584
424	573
447	561
518	506
104	527
147	42
63	117
415	23
543	475
329	2
544	126
331	2
460	553
167	32
431	569
307	1
407	20
303	1
139	553
239	593
40	151
308	599
222	589
309	599
514	510
60	120
293	599
507	517
473	55
132	52
219	588
552	462
348	596
535	486
369	9
94	82
179	26
271	2
337	3
362	593
393	15
186	577
53	470
210	14
530	492
261	3
268	598
261	3
366	592
388	586
454	557
566	438
588	384
48	138
18	402
9	228
191	21
182	575
182	25
244	6
164	567
86	510
287	599
271	2
233	8
161	35
12	216
476	542
439	565
418	25
191	579
399	583
81	95
326	598
395	16
534	487
562	154
539	119
534	487
409	579
130	53
52	468
304	599
347	4
361	7
410	21
162	566
566	438
450	41
148	42
464	49
187	23
561	447
200	18
111	532
231	9
501	522
567	164
359	594
519	505
374	590
436	33
409	579
132	548
287	1
261	3
377	11
383	12
197	581
424	573
60	480
438	34
5	246
367	8
491	531
420	574
417	576
212	586
542	477
189	22
188	22
29	172
330	598
350	5
161	565
576	417
435	567
177	573
343	596
311	1
161	565
6	241
335	597
453	42
423	27
299	1
28	426
159	564
143	555
469	53
65	486
276	1
206	584
556	456
382	12
509	85
262	597
442	564
587	387
101	524
182	25
148	558
579	190
233	592
348	596
431	569
450	41
360	593
595	246
275	598
511	513
235	8
468	52
75	498
202	17
254	4
473	55
443	563
470	53
53	470
469	53
56	126
416	576
159	564
405	581
467	549
77	100
518	94
297	599
414	577
239	593
453	42
179	574
420	574
49	464
200	18
214	587
109	531
238	593
527	496
567	436
415	23
421	26
514	510
479	540
302	599
375	590
157	563
455	556
356	6
551	136
589	380
547	470
1	276
0	300
490	532
31	168
19	405
434	568
59	478
60	120
526	103
190	21
540	480
587	387
78	501
548	132
530	492
144	556
24	183
339	3
212	586
240	7
52	468
361	7
588	216
243	6
253	596
302	1
508	516
562	154
230	9
118	62
305	599
417	24
262	597
523	100
171	30
374	590
53	130
238	593
234	592
567	164
116	536
182	575
346	596
472	55
97	520
590	224
343	596
66	487
104	527
299	599
281	599
44	456
18	402
156	563
281	1
534	487
249	5
520	503
42	147
136	551
121	60
66	113
360	7
415	23
17	201
552	462
211	586
368	8
575	181
383	588
541	478
11	380
479	60
24	183
575	419
432	569
532	490
214	13
40	151
316	599
429	30
293	599
181	575
53	130
1	324
348	4
401	18
185	23
91	85
483	63
350	5
459	554
278	599
117	537
186	577
534	113
80	97
391	15
547	130
255	596
483	537
23	415
299	1
446	38
567	164
141	554
28	426
117	63
297	1
340	597
531	491
511	513
415	23
113	66
281	1
578	188
321	599
547	470
45	142
277	1
97	80
41	149
162	34
114	535
323	1
471	546
391	585
148	558
405	19
120	60
26	178
490	532
464	49
316	599
331	2
450	41
164	33
92	516
87	511
326	598
159	564
465	50
178	574
378	589
415	23
568	434
555	142
595	246
43	146
288	1
411	578
505	519
301	599
297	599
46	141
101	76
74	103
502	79
31	432
451	559
135	550
548	468
152	40
113	534
142	555
88	512
479	540
78	501
311	1
396	584
226	10
59	122
399	17
379	589
548	132
500	77
475	543
424	573
244	594
72	494
21	190
242	594
93	83
444	37
70	108
395	584
504	81
188	578
282	599
307	599
107	71
298	599
262	3
513	511
157	37
596	252
205	584
458	45
543	475
89	87
54	471
175	28
20	193
532	110
383	588
547	470
321	599
263	597
357	6
138	48
421	574
17	399
241	594
11	380
57	125
480	60
124	542
319	1
361	593
79	98
482	538
215	587
137	551
473	55
219	12
169	31
361	593
331	2
77	100
74	103
121	60
549	133
299	599
453	42
412	22
1	276
144	44
258	3
233	592
178	26
332	2
279	1
469	547
78	99
141	554
211	586
209	585
60	480
431	31
397	583
330	2
63	483
20	407
105	73
387	587
312	1
4	348
362	593
68	490
207	585
262	3
272	598
294	1
514	90
484	64
564	158
573	176
211	14
27	424
303	599
444	563
214	587
112	533
278	1
19	405
72	494
123	542
232	8
164	567
145	556
599	324
573	424
409	579
138	48
207	585
296	1
336	3
135	50
203	583
238	593
254	4
70	492
8	368
485	536
327	2
406	580
107	529
397	583
532	110
296	599
350	595
26	178
218	588
577	185
321	1
71	493
161	35
549	133
2	334
363	7
266	598
437	566
348	596
400	18
304	1
98	521
332	2
446	38
103	526
95	81
86	90
500	77
440	35
570	170
260	3
511	513
370	9
186	577
127	545
473	55
98	521
138	552
75	498
322	599
308	599
284	1
319	1
330	2
110	68
511	513
338	3
469	547
491	531
353	595
327	598
116	64
78	501
29	172
345	596
506	82
402	18
94	518
351	5
484	64
353	5
209	585
49	136
368	592
105	527
391	585
256	596
198	18
39	447
8	232
281	599
410	21
16	396
64	115
426	572
391	15
83	507
341	597
571	172
236	7
152	560
278	1
6	241
323	1
499	524
365	8
440	565
396	16
1	276
550	135
261	3
294	599
16	204
405	581
38	446
126	544
251	595
43	146
150	41
30	170
572	426
394	16
280	1
399	17
152	560
148	558
379	589
190	579
334	598
439	565
174	572
82	94
263	3
19	195
331	598
195	581
127	545
265	3
63	117
397	17
234	8
437	34
40	151
202	583
455	44
213	13
517	93
539	119
0	300
352	595
513	511
112	67
504	519
560	449
152	40
42	147
411	578
455	556
136	49
375	10
176	573
53	130
497	526
270	2
426	28
528	494
525	102
374	590
322	1
137	49
568	434
83	507
494	72
485	536
448	40
313	599
541	122
465	50
29	428
302	599
48	462
5	246
578	188
500	77
554	459
514	510
386	13
284	1
25	419
547	470
355	6
427	29
586	390
15	207
518	506
544	474
416	576
381	12
524	499
547	130
420	574
261	597
554	459
448	560
334	598
133	549
509	515
33	164
482	62
122	541
494	528
559	451
244	6
594	241
519	95
474	544
28	174
32	166
348	596
131	53
98	79
151	560
371	591
225	590
227	590
301	599
203	583
24	417
344	596
74	497
112	533
179	26
310	599
358	6
597	342
466	51
8	368
365	8
448	560
212	14
295	599
230	591
161	565
334	2
250	595
223	11
562	446
202	583
309	1
450	559
88	512
225	590
334	2
387	587
48	138
560	449
58	477
152	560
426	572
14	210
276	599
439	565
121	540
260	597
127	55
250	5
505	81
35	440
462	552
534	113
543	125
489	68
114	535
102	525
348	4
260	597
475	543
476	58
138	48
516	508
53	130
369	591
140	553
341	597
165	33
208	15
338	597
226	10
425	572
398	583
114	65
19	405
355	594
100	77
544	474
407	580
214	13
523	500
582	198
170	570
407	580
414	577
500	77
56	474
189	22
459	46
377	589
47	139
408	21
282	1
495	73
201	583
309	1
268	598
546	129
487	534
432	31
52	468
153	39
590	224
335	597
265	3
83	93
373	10
310	1
170	30
107	71
501	78
45	142
480	540
508	84
263	3
371	9
518	506
421	574
481	61
374	10
212	14
390	14
73	496
256	4
367	8
289	599
495	73
587	387
578	412
545	127
423	573
445	562
369	591
597	258
132	548
229	9
368	592
117	537
198	18
291	1
535	114
564	158
148	558
547	470
96	519
324	599
258	597
98	79
63	483
4	348
44	144
551	136
97	520
349	5
80	503
475	57
197	19
168	31
368	8
561	447
189	578
353	5
333	598
198	18
189	22
423	27
476	58
377	11
187	577
121	540
141	46
307	1
221	589
193	20
150	41
552	462
205	584
333	598
236	7
436	567
208	15
288	599
441	36
479	60
234	8
93	517
550	135
481	61
347	596
340	597
427	571
53	130
484	64
42	453
129	54
394	584
26	178
477	542
47	139
436	567
394	16
477	542
113	534
495	73
307	599
460	553
338	3
108	530
358	6
318	1
11	380
106	528
505	81
377	589
241	6
62	118
23	415
494	72
314	599
546	129
73	496
38	446
24	417
209	15
112	533
293	599
196	581
137	49
375	10
289	599
51	467
111	532
501	522
275	598
308	1
22	188
161	565
540	120
472	55
40	449
204	16
473	545
488	67
306	599
306	599
464	551
106	528
516	92
288	1
552	138
500	77
190	21
7	236
244	594
599	276
268	2
71	493
288	599
309	1
35	160
28	426
538	482
338	3
433	32
164	567
594	359
102	525
328	2
39	447
265	597
240	593
138	48
357	6
581	195
148	558
422	574
43	454
523	500
94	82
153	561
349	5
27	424
484	64
398	17
501	522
544	126
0	300
358	6
42	453
509	85
411	22
312	1
9	372
168	569
11	220
114	535
256	4
505	519
261	3
461	47
37	156
516	508
290	1
452	558
314	1
378	589
462	552
589	220
556	144
516	92
540	480
238	593
135	50
104	527
3	258
592	232
299	1
81	95
59	122
391	15
298	599
530	492
312	599
592	368
367	8
235	8
22	188
329	2
287	599
578	412
58	477
493	71
115	64
235	592
111	532
149	41
204	16
360	593
510	514
286	1
597	342
249	5
276	1
137	49
429	570
93	517
327	598
574	178
561	447
22	412
177	27
280	599
461	553
361	7
283	1
235	8
20	407
283	1
339	3
361	7
363	593
108	530
358	594
72	106
74	497
559	149
21	410
428	571
154	562
312	1
28	426
131	547
391	585
212	586
158	564
252	596
566	438
284	1
450	559
567	436
296	599
41	149
336	597
559	451
189	22
465	50
84	508
242	6
290	1
280	1
586	390
151	560
331	598
304	1
159	564
526	103
312	1
1	324
38	154
211	586
236	593
248	5
384	12
435	33
552	462
268	2
546	471
550	465
100	523
516	508
339	3
331	598
375	10
314	1
554	459
134	549
465	550
106	72
27	424
412	22
511	513
419	575
427	29
12	216
399	583
532	110
7	364
384	588
471	54
200	18
241	6
386	13
402	582
362	593
66	113
527	496
530	108
497	74
208	15
110	532
270	598
597	258
505	519
90	86
381	588
575	181
118	62
323	1
545	127
12	216
385	587
185	577
397	583
266	2
422	26
321	1
175	28
129	546
301	599
548	132
366	8
539	119
62	482
103	526
356	6
445	562
427	571
133	51
556	456
523	500
433	568
390	14
196	581
319	599
366	592
316	1
52	132
433	32
276	1
72	106
29	428
543	475
580	193
216	12
419	575
47	139
4	252
196	581
203	17
184	576
393	15
348	4
461	553
268	598
173	571
315	599
514	510
9	228
145	556
535	114
446	38
242	6
195	581
494	72
223	589
378	11
97	520
433	32
107	529
113	66
380	589
340	3
286	599
124	542
14	210
148	42
497	526
569	432
595	246
311	599
371	9
512	88
115	536
487	66
268	598
139	553
502	79
39	447
396	16
78	99
446	38
163	566
280	1
503	80
160	35
260	597
189	578
334	2
123	58
121	60
554	141
486	65
462	48
271	598
594	241
537	483
286	1
250	595
559	149
128	545
165	33
153	561
384	12
208	585
251	595
221	589
155	38
358	594
353	595
417	576
219	588
236	7
441	564
131	53
394	584
472	55
359	6
305	599
343	596
203	17
434	32
101	76
250	595
183	24
307	599
313	599
202	17
592	368
91	85
219	588
253	4
116	64
473	545
18	402
536	485
514	510
146	43
526	103
314	1
502	521
134	549
563	444
309	1
203	17
122	541
566	438
165	33
295	599
376	10
198	18
142	45
330	2
567	164
260	3
529	107
70	492
585	207
218	12
231	591
432	569
271	2
359	6
284	1
237	7
247	5
578	412
69	491
534	113
46	141
458	45
450	41
292	599
414	23
140	47
20	407
99	522
121	60
148	558
183	24
122	59
99	522
161	35
145	44
113	534
587	387
13	387
249	5
570	170
122	541
579	410
568	434
177	27
433	32
239	593
538	118
299	599
103	74
561	153
310	1
378	589
337	597
393	15
17	201
526	497
368	8
388	586
175	28
189	22
286	599
381	588
370	9
259	597
576	417
276	599
472	55
106	72
389	14
210	14
128	55
107	529
244	6
258	3
189	22
563	156
122	541
546	129
321	599
15	207
553	461
199	18
307	1
351	5
250	5
404	581
529	493
190	21
259	3
323	1
502	79
287	599
465	550
505	81
316	1
57	125
599	324
270	2
539	119
564	442
12	216
106	528
224	10
226	10
217	12
297	1
478	59
558	453
24	417
431	569
88	512
447	39
542	123
221	11
500	77
30	170
441	564
593	236
489	68
107	529
521	98
337	3
353	595
363	7
2	266
537	117
431	569
140	47
281	1
383	12
234	8
119	539
570	430
5	246
248	595
45	458
136	49
175	572
387	587
474	544
108	70
536	485
447	561
597	342
532	490
177	27
369	9
269	2
14	210
330	2
209	15
77	500
393	15
478	59
120	60
432	569
250	595
307	599
98	79
29	428
212	14
487	534
181	575
155	38
182	25
108	70
464	49
46	141
73	496
588	216
12	216
8	368
199	582
52	132
494	528
576	417
125	543
469	53
338	3
102	525
265	3
558	453
313	1
452	558
347	596
275	2
227	590
134	549
288	599
33	164
157	563
578	412
562	154
318	1
236	593
201	17
377	589
221	589
384	12
219	12
396	584
384	588
234	592
78	99
8	232
236	7
317	1
416	24
55	473
288	1
448	560
432	569
498	75
269	2
193	580
48	138
240	593
86	90
219	588
85	509
563	156
25	181
81	505
293	599
474	544
37	444
528	494
183	576
505	81
586	210
336	597
470	53
242	6
571	172
75	498
446	38
567	436
278	1
564	158
213	13
548	132
522	99
281	599
195	19
433	32
127	55
81	505
49	136
462	552
257	596
470	547
349	595
237	593
485	64
132	52
276	599
524	101
74	497
584	396
54	471
471	546
65	486
89	513
182	575
409	21
125	57
513	511
71	107
92	516
107	71
180	574
167	32
139	553
467	549
463	551
583	201
399	583
212	586
178	574
336	3
127	55
35	160
566	438
415	577
293	599
292	1
519	505
577	415
144	44
215	587
587	213
359	6
60	120
188	22
137	49
555	458
315	599
463	49
459	554
161	35
39	153
284	599
75	498
406	20
244	6
267	598
113	534
284	599
170	570
533	488
2	334
27	176
273	2
460	553
130	547
425	572
460	553
14	390
171	570
163	566
318	599
531	491
435	33
89	87
351	5
18	402
10	376
397	17
150	559
391	585
144	44
52	468
544	474
320	1
571	172
83	507
272	2
242	6
463	551
378	589
124	542
40	449
99	78
524	101
454	43
252	4
170	30
237	593
96	519
588	216
223	589
290	599
270	598
222	589
319	1
76	499
119	539
475	57
435	567
84	508
412	578
551	464
283	1
224	590
303	599
198	18
67	112
540	480
357	6
9	372
441	564
498	75
172	29
255	4
404	581
578	412
253	4
75	498
342	597
185	23
90	86
436	567
467	51
454	557
585	393
592	368
103	74
320	599
118	538
519	95
307	1
73	104
596	252
30	430
81	95
325	598
589	380
528	106
171	570
531	109
397	583
30	430
319	599
50	465
570	430
568	434
533	112
109	531
286	1
402	18
470	53
463	551
75	498
79	98
159	564
135	550
173	571
153	39
435	567
165	567
419	25
510	86
484	64
234	8
246	595
196	581
259	3
500	77
152	40
181	575
347	596
551	464
270	2
107	529
57	475
164	567
38	154
245	6
126	56
5	354
361	593
199	582
427	571
302	599
185	577
590	224
43	146
574	422
68	490
177	27
252	4
43	146
359	594
57	475
390	586
57	125
19	405
225	10
209	585
331	2
266	598
118	62
155	562
240	593
82	506
215	13
88	512
575	419
96	519
437	34
303	599
362	7
54	129
20	193
91	515
382	12
110	68
264	3
543	475
233	8
69	109
184	24
256	596
171	30
152	560
102	75
223	589
141	46
257	596
13	387
380	589
60	480
10	376
313	1
491	531
286	599
480	540
162	34
330	2
443	37
49	464
320	599
336	3
253	596
334	2
16	204
544	474
40	151
529	107
597	342
155	562
562	154
599	324
359	6
353	5
235	8
519	95
207	15
432	569
70	492
393	15
432	31
107	529
446	38
368	592
343	596
292	1
457	555
152	40
148	558
553	139
528	106
7	236
238	7
130	547
300	600
111	532
202	17
248	595
554	459
82	94
197	581
312	1
223	11
93	517
316	599
406	20
5	354
525	102
147	42
66	487
4	252
36	158
562	446
29	428
1	276
356	594
193	20
452	558
25	419
378	589
557	146
164	33
126	544
436	567
456	556
68	110
265	3
547	470
596	348
85	91
29	172
377	11
480	540
348	596
538	482
268	2
249	5
287	1
184	24
129	546
226	10
163	566
255	596
593	364
380	589
140	553
597	342
446	38
166	568
501	522
71	493
406	580
85	91
587	213
61	481
119	61
524	499
525	102
594	359
81	505
349	5
494	528
146	557
447	561
46	459
249	5
34	162
133	51
365	592
316	599
363	7
146	43
404	581
69	109
511	513
599	324
397	583
183	576
506	82
359	594
565	440
150	41
89	513
172	29
301	1
142	45
6	359
264	597
468	52
279	599
393	15
401	582
174	28
539	481
328	598
274	598
15	393
94	82
272	2
552	462
96	519
141	554
488	533
282	599
433	568
71	107
45	458
352	5
596	348
566	438
288	599
509	515
440	565
94	82
265	597
157	563
267	598
341	3
303	1
247	5
327	598
353	595
37	156
203	583
597	258
277	599
575	419
268	2
68	490
59	122
154	562
158	36
138	48
386	13
143	45
256	4
401	582
225	10
399	583
371	591
435	33
2	266
560	449
42	453
374	590
432	569
54	129
472	545
409	21
488	67
146	43
300	0
460	553
203	17
270	598
343	4
300	600
138	48
87	511
579	410
564	158
456	44
337	3
198	18
115	64
115	64
334	2
165	33
404	19
563	156
583	201
1	324
105	527
233	8
400	18
436	33
312	1
289	599
136	49
396	16
518	94
56	474
134	549
575	181
213	587
581	405
53	470
5	246
361	7
331	598
336	597
585	393
454	43
357	6
78	99
479	60
92	516
65	114
454	43
439	565
563	156
157	37
220	11
104	527
215	13
397	583
58	477
117	537
84	508
18	198
367	8
147	558
546	129
59	478
483	537
304	599
153	39
0	300
72	494
45	142
166	32
49	136
514	510
245	594
468	52
291	599
591	372
587	387
379	11
322	1
96	81
23	185
413	23
152	40
277	1
185	577
515	509
84	508
317	599
204	16
347	4
51	133
459	554
28	174
29	172
459	554
345	596
40	151
561	447
522	99
416	24
328	598
26	178
291	1
365	592
151	560
165	33
568	434
590	376
345	596
58	477
528	106
282	1
214	13
401	18
290	1
44	456
309	599
422	26
520	503
432	31
17	399
286	1
413	577
260	597
223	589
215	13
55	473
248	5
494	72
283	1
205	16
22	412
285	1
157	37
40	449
282	1
351	595
33	436
390	14
170	30
322	599
64	485
338	3
62	482
155	38
361	7
325	598
225	590
299	1
505	519
104	527
77	500
421	574
27	424
103	74
155	38
541	478
104	73
519	95
248	595
297	599
56	126
199	582
65	114
547	470
231	9
530	492
47	461
245	594
24	417
92	516
515	509
108	70
85	91
504	81
459	46
5	246
164	567
280	1
194	580
531	109
386	587
68	490
452	558
454	43
572	174
240	593
566	162
4	252
201	583
11	380
82	506
419	25
233	592
82	94
272	598
164	33
328	2
329	598
206	584
418	25
523	100
137	551
17	399
96	519
377	11
202	583
145	556
566	162
26	422
131	53
216	12
109	69
163	34
380	11
299	599
45	458
384	12
418	25
343	4
85	509
488	67
491	531
100	523
51	133
181	25
85	509
157	37
311	1
312	599
27	424
134	549
412	578
104	527
335	3
92	516
247	595
428	29
192	21
168	569
517	93
556	456
182	25
284	599
377	589
219	588
488	533
195	19
315	1
439	35
364	593
429	30
233	8
551	464
207	585
296	1
1	324
532	110
32	166
200	582
340	597
256	4
321	1
391	15
493	71
241	6
61	119
341	597
528	106
206	16
75	498
544	126
67	112
0	300
137	551
5	354
127	55
130	53
97	520
189	22
319	1
393	15
31	168
168	569
159	564
269	2
128	545
461	47
142	555
501	78
11	380
399	583
508	84
342	3
356	594
409	21
484	64
69	109
236	593
130	547
458	555
343	596
465	50
362	7
166	32
144	44
292	599
58	477
135	550
0	300
477	542
312	1
177	573
415	577
25	181
16	204
343	4
570	430
164	33
339	3
496	73
379	11
583	201
435	33
101	76
20	193
282	599
460	47
569	432
28	426
186	23
181	25
79	502
456	44
284	599
156	37
335	3
522	501
183	576
421	574
346	596
286	599
334	2
403	581
536	485
463	49
427	29
357	594
465	50
454	557
173	29
354	5
104	73
507	83
170	30
197	581
593	236
169	31
237	7
145	44
100	523
406	20
545	127
477	58
518	94
416	24
555	142
328	598
351	595
88	88
555	458
589	220
318	599
18	402
331	598
488	67
87	89
3	342
198	582
191	21
517	93
9	372
202	583
202	17
231	9
246	5
598	334
115	64
94	518
589	220
324	1
262	3
21	190
147	42
431	31
369	591
88	88
334	2
174	572
197	19
149	559
169	31
31	432
234	592
253	596
590	224
580	193
422	574
283	599
65	486
160	565
183	576
259	597
467	51
467	549
540	480
12	384
445	562
457	555
175	572
326	598
544	126
551	136
29	428
196	19
123	542
486	65
475	57
219	588
108	530
173	29
51	467
384	588
37	156
362	7
597	342
518	94
408	579
49	464
158	36
141	554
323	599
43	146
219	588
467	51
549	133
432	569
550	135
127	55
214	13
325	598
8	368
152	560
418	575
310	599
285	1
274	2
70	492
517	507
99	522
288	1
489	532
264	3
314	1
10	376
252	4
214	13
516	92
425	572
162	566
122	59
454	43
46	459
584	204
438	566
485	536
558	147
85	509
97	520
18	198
136	551
571	428
337	597
542	123
428	571
284	599
577	185
469	53
125	543
133	549
412	578
295	1
584	204
197	581
95	81
378	11
467	51
310	599
402	582
361	593
398	583
195	19
583	399
567	436
356	6
296	1
161	565
188	578
466	51
597	258
414	23
318	1
319	599
251	5
349	5
217	12
114	65
36	158
360	593
167	568
183	24
22	412
11	380
232	592
345	596
209	15
250	595
595	354
577	185
300	600
542	123
362	7
533	112
339	597
353	595
50	135
449	560
155	562
436	567
424	573
433	32
132	52
200	582
4	348
388	586
374	590
481	61
553	139
530	492
188	578
548	468
459	554
175	572
243	594
194	20
79	98
309	1
507	83
330	2
333	2
213	587
236	593
267	2
337	597
518	506
426	28
142	45
45	458
500	77
338	3
136	49
17	399
18	402
474	56
13	213
235	592
447	39
268	2
46	459
350	595
261	3
378	11
403	19
175	572
213	587
19	195
281	1
122	59
75	102
245	6
45	142
289	599
479	540
592	368
351	5
493	529
234	592
297	1
120	60
74	103
389	586
195	581
139	553
503	80
69	109
255	4
159	564
435	567
89	513
77	500
378	589
273	598
433	568
488	67
207	585
140	47
161	35
246	5
289	599
259	597
579	410
109	69
557	454
326	2
184	576
399	17
52	132
270	598
303	1
70	108
341	597
456	44
316	1
96	519
95	519
18	402
442	564
395	584
437	34
588	384
273	2
297	599
31	432
432	31
336	3
29	428
471	546
451	41
155	38
500	77
552	138
321	1
477	542
117	537
345	4
59	122
7	236
561	153
456	556
380	589
447	39
42	147
183	24
263	3
89	87
199	582
202	17
131	547
57	125
430	570
15	207
487	66
94	518
569	432
532	110
141	554
41	451
385	587
203	17
26	178
291	599
509	515
272	598
236	7
98	79
4	252
33	436
122	541
204	584
374	10
53	130
311	599
25	181
38	154
5	354
23	185
100	523
282	1
54	471
320	1
443	37
425	28
253	4
234	8
250	5
483	63
408	21
223	589
476	58
117	63
355	6
131	53
17	201
130	53
0	300
244	594
504	81
90	86
421	574
66	487
582	402
22	412
450	559
152	560
269	598
17	201
160	35
593	364
46	459
528	106
594	359
83	93
110	532
186	23
407	20
583	201
372	591
497	74
565	440
438	34
185	23
439	35
399	17
501	78
398	583
457	555
8	368
425	572
113	534
255	596
245	6
259	597
144	44
65	486
71	107
173	29
283	599
99	78
470	547
139	47
430	30
577	415
278	599
227	10
284	1
299	599
277	1
508	84
20	193
474	56
530	492
274	598
128	55
144	44
360	593
472	55
289	599
524	101
408	579
388	14
139	47
419	25
426	28
462	48
231	9
264	597
156	37
16	396
11	380
212	14
224	10
39	153
299	599
597	342
106	72
416	24
444	563
107	71
183	24
267	2
187	577
358	594
16	204
43	146
57	475
305	599
212	14
148	558
513	511
74	103
88	512
27	424
192	21
295	599
58	123
201	17
44	456
193	580
369	9
104	73
469	547
540	120
479	60
379	11
335	597
405	19
519	95
330	598
277	599
226	10
86	510
451	41
119	61
405	19
389	586
298	1
492	70
281	1
397	17
297	1
72	106
346	596
217	588
488	67
583	399
41	149
239	7
566	438
215	13
190	579
135	550
13	387
226	10
83	507
169	31
593	364
57	125
463	551
147	558
385	13
553	139
208	585
297	599
564	442
58	477
127	545
98	521
557	454
226	10
280	599
481	61
551	464
493	71
574	422
41	149
546	471
352	595
195	581
272	2
59	122
49	136
589	380
564	158
247	595
361	593
282	599
144	556
120	540
33	436
229	9
231	9
421	574
448	560
421	574
112	67
158	36
218	12
397	17
128	55
286	599
482	62
502	521
98	521
223	11
560	151
494	72
426	28
392	585
563	156
203	583
428	571
274	2
113	66
304	599
426	28
38	154
25	181
215	13
299	599
376	590
319	1
565	160
300	0
103	74
40	151
138	48
106	528
338	597
209	15
413	23
446	562
507	83
523	100
379	589
351	5
424	27
98	521
512	512
427	29
596	252
289	599
267	598
69	491
58	123
319	599
582	402
336	597
2	266
28	426
444	563
538	118
297	599
196	19
385	13
113	534
117	537
362	7
45	142
594	241
310	599
342	597
585	393
483	537
158	564
7	236
231	9
208	15
465	550
313	599
341	597
195	581
414	23
328	598
114	65
291	599
227	10
83	93
56	474
557	454
404	19
265	597
80	97
133	51
508	84
566	438
168	569
70	492
561	153
383	588
56	126
285	599
268	598
25	181
479	60
65	114
318	599
413	577
538	118
237	593
404	19
415	23
502	521
340	3
524	101
490	532
352	595
316	1
493	71
573	424
84	92
323	599
346	596
128	545
307	1
205	16
119	539
231	9
330	598
515	509
162	34
413	577
193	20
284	599
371	9
98	521
17	399
247	595
595	246
309	1
173	29
87	89
160	35
178	26
425	572
597	342
7	236
461	553
326	2
361	593
568	166
453	558
371	9
546	471
454	557
417	24
117	63
360	593
60	120
118	538
39	153
336	597
136	49
574	422
130	547
463	551
98	521
241	6
598	266
390	586
326	2
272	2
542	123
324	599
437	34
588	384
72	494
71	107
64	485
475	543
98	521
315	599
101	76
3	342
534	113
480	540
191	21
221	589
278	599
399	17
441	36
514	510
328	2
437	566
443	37
33	164
290	1
343	4
59	478
103	526
534	487
308	1
141	554
20	407
255	596
262	597
324	599
228	591
530	108
72	494
69	109
411	22
326	2
64	485
514	510
40	151
195	581
446	38
572	174
98	79
174	572
483	63
528	106
77	500
251	5
259	597
507	83
238	593
321	1
587	213
565	440
66	487
33	164
378	11
385	587
163	566
575	419
364	7
227	10
194	20
95	81
442	564
560	449
573	176
464	49
258	3
217	588
458	555
484	536
325	2
152	560
546	129
150	559
155	562
520	503
502	79
178	26
432	31
160	565
133	549
519	95
251	5
265	3
508	516
16	396
409	21
315	599
3	258
118	62
285	599
315	599
374	10
487	66
267	598
416	24
473	545
122	59
512	512
465	550
179	26
536	485
403	19
160	565
347	4
492	530
383	588
497	526
246	595
563	156
222	11
475	57
62	118
373	10
462	48
501	522
51	133
177	27
520	97
290	1
518	94
444	37
75	498
109	69
169	569
26	178
421	574
125	57
136	49
547	470
530	492
146	43
66	113
287	599
442	36
461	553
407	20
330	598
567	436
227	10
571	428
120	540
356	6
186	23
122	541
265	3
47	461
458	45
233	592
70	108
47	139
590	376
227	10
57	125
229	591
56	126
305	599
457	555
255	4
239	593
256	4
339	597
352	5
268	2
399	17
545	473
553	139
279	1
397	583
103	74
155	38
294	599
502	79
64	115
42	147
263	3
223	11
549	467
267	2
105	73
333	2
93	517
581	405
286	1
106	528
134	51
108	70
204	16
384	588
50	135
417	576
406	20
475	57
426	572
450	559
223	11
162	566
246	595
336	3
575	181
93	517
530	492
211	14
323	599
440	565
515	91
472	55
585	207
383	12
111	68
339	3
209	585
127	545
560	449
173	571
437	34
483	63
353	595
134	51
89	513
556	144
215	13
571	172
467	549
415	577
200	582
433	32
235	592
547	470
15	393
327	2
540	120
7	236
109	69
472	55
72	494
536	115
57	125
566	162
96	81
8	232
529	107
591	372
554	459
192	579
254	4
116	64
584	204
518	94
188	578
76	101
191	579
367	592
14	390
133	51
548	468
286	599
558	147
435	33
472	55
466	51
338	597
526	103
501	78
252	596
8	368
384	588
407	20
494	528
531	109
300	0
116	536
556	456
466	549
56	474
91	85
566	162
15	207
347	596
408	21
76	101
165	33
471	54
94	518
88	512
201	17
223	589
539	481
335	3
170	30
290	599
255	596
24	417
257	4
54	471
396	584
186	577
433	32
581	405
303	599
314	1
103	526
123	58
157	37
298	1
42	147
549	133
319	599
243	6
132	548
555	142
422	574
187	577
294	1
230	9
470	53
191	579
519	505
170	570
359	6
178	26
150	559
245	594
487	66
259	597
411	22
157	37
448	40
419	25
305	599
558	147
392	15
516	92
39	153
217	12
211	586
258	597
561	447
341	3
411	578
557	146
147	42
90	514
88	512
341	3
30	170
185	23
256	4
212	586
352	595
341	597
311	599
439	35
393	585
307	599
103	74
549	467
104	73
53	130
169	569
22	188
297	599
507	83
354	595
412	578
553	139
280	1
199	582
45	142
304	1
570	430
424	573
302	1
29	172
66	487
184	576
217	588
85	91
584	396
570	430
591	372
405	19
23	415
373	590
142	555
466	549
86	510
273	2
261	3
176	573
45	142
104	73
402	582
136	49
332	2
69	491
554	459
599	276
263	3
175	28
465	50
533	112
467	51
207	585
285	599
403	581
482	62
61	119
319	599
132	52
547	470
270	598
369	591
236	593
578	188
225	590
432	31
579	410
214	13
564	158
491	69
243	6
397	583
11	380
401	18
165	33
1	276
249	5
439	35
248	5
286	1
61	119
487	66
58	123
409	579
518	94
170	30
436	567
554	141
263	3
511	513
17	201
42	453
475	57
296	599
447	39
141	46
17	399
587	213
556	456
561	447
280	1
247	595
441	36
429	30
436	567
442	564
274	2
434	568
311	599
465	50
52	468
189	578
416	24
280	1
69	109
570	430
175	572
421	26
151	560
114	535
526	103
41	149
5	354
13	213
113	534
254	4
100	77
160	565
518	94
17	399
355	6
288	1
142	555
449	40
147	558
109	531
113	66
246	5
182	575
143	45
381	588
170	30
499	524
428	571
440	35
43	146
120	540
343	596
385	13
206	16
46	459
10	224
170	30
597	342
161	35
333	2
272	2
98	521
37	156
67	112
417	24
57	125
593	236
124	58
52	132
393	15
599	276
525	102
364	593
507	83
345	4
329	2
549	133
321	1
101	524
107	71
541	478
472	545
594	241
417	24
124	542
118	62
121	60
538	118
163	566
299	1
372	9
312	1
208	15
396	584
409	21
391	585
488	67
179	574
135	550
355	594
315	599
376	590
279	1
461	47
276	1
82	506
268	598
351	595
334	598
166	32
179	26
386	13
343	4
71	493
59	122
527	104
152	560
355	6
518	94
467	549
402	18
100	77
198	18
120	60
178	26
140	47
528	494
2	266
373	590
567	164
323	1
327	598
404	581
484	64
522	99
478	59
425	572
100	77
221	589
104	527
576	417
449	560
411	578
250	595
582	198
240	7
107	71
200	582
197	581
519	505
486	535
379	589
293	1
79	98
375	590
164	567
580	193
226	590
426	572
502	79
415	23
405	19
271	2
599	324
270	598
399	583
119	539
79	502
323	599
368	592
46	141
14	390
331	2
298	599
511	87
130	53
155	38
507	517
91	85
286	1
563	156
368	8
146	557
596	348
310	599
227	10
47	461
596	252
0	300
430	570
71	107
498	75
166	568
173	29
146	43
427	29
529	107
304	1
448	40
559	149
226	10
206	16
93	517
336	597
71	493
106	72
190	579
210	586
212	586
48	138
377	589
336	3
131	547
144	44
264	3
325	2
596	252
522	501
326	598
416	24
380	589
313	599
360	7
557	146
258	3
464	49
92	516
347	4
245	6
159	564
309	1
344	596
559	149
326	2
492	530
518	94
412	22
287	599
160	565
417	576
355	594
440	565
15	393
535	486
291	599
342	597
210	14
62	118
503	520
435	567
316	1
192	21
546	471
529	493
3	258
313	599
523	100
252	4
301	1
431	31
106	528
500	77
420	26
369	9
128	55
448	560
426	28
337	597
51	133
99	522
229	591
1	276
151	560
49	136
19	195
273	598
21	410
19	195
95	81
527	496
167	32
422	26
538	482
452	558
145	556
40	151
50	135
94	518
490	68
235	8
293	599
440	565
360	7
127	545
238	7
442	36
239	593
508	84
119	61
279	1
498	525
564	442
269	598
554	459
136	551
29	428
55	473
7	364
96	519
237	593
559	149
376	590
220	11
516	508
430	30
525	102
545	473
269	2
491	69
210	586
533	488
76	101
117	537
156	563
280	599
472	545
124	58
396	584
539	119
82	94
291	599
2	334
347	596
220	11
144	44
258	3
78	501
163	34
98	79
442	36
36	158
293	1
538	118
465	50
543	475
187	577
10	376
497	74
59	122
23	185
408	21
590	376
294	1
327	2
115	64
69	109
472	545
32	434
484	536
221	11
36	158
435	33
367	592
48	462
493	529
410	579
151	40
90	86
401	18
195	19
148	558
425	28
593	236
348	4
408	579
291	1
294	599
13	387
133	549
298	599
557	146
432	31
464	551
411	578
108	530
492	70
193	580
474	544
162	566
541	122
376	590
54	471
490	532
413	23
505	81
419	25
312	599
214	587
416	576
435	567
209	585
549	467
309	599
403	581
231	591
120	540
553	461
132	548
403	581
368	8
231	591
215	587
368	8
496	73
307	1
55	473
342	597
67	112
502	79
34	438
237	593
241	594
7	364
32	166
445	38
514	90
339	3
170	570
412	22
121	540
173	571
324	1
47	461
233	8
182	25
290	1
22	188
395	584
318	599
110	68
460	553
558	147
512	512
504	519
533	112
333	598
106	528
52	468
502	521
444	563
490	68
111	68
248	5
227	10
569	432
450	41
597	342
569	168
371	591
213	587
185	23
417	24
125	57
412	22
449	40
136	49
69	109
549	133
263	597
340	3
597	258
352	595
43	146
542	477
304	599
101	76
107	71
328	598
67	112
481	61
148	558
64	485
117	63
497	74
333	2
435	567
174	572
492	530
155	562
322	599
395	584
28	426
135	50
343	4
552	462
349	5
17	201
48	138
588	216
341	3
248	5
139	47
384	12
434	568
479	540
240	7
496	73
230	591
194	580
538	118
143	555
374	590
470	547
53	130
319	599
214	587
540	120
273	598
503	520
470	53
477	58
189	22
466	549
351	595
455	556
468	52
294	599
438	34
558	453
195	19
305	1
64	485
155	562
392	585
214	587
468	52
240	593
132	548
46	141
4	348
90	86
362	7
143	555
299	1
133	51
445	38
200	582
527	496
171	30
429	30
18	402
376	10
61	119
522	501
240	7
351	595
527	496
151	40
287	1
463	49
472	545
128	55
574	178
447	39
391	585
515	509
191	21
14	390
591	228
138	552
196	19
453	42
475	543
239	7
42	453
136	551
482	538
343	4
280	1
477	58
43	454
79	502
232	592
394	16
154	562
537	483
229	9
242	6
329	598
448	40
323	1
41	149
319	599
574	422
242	594
363	593
508	84
509	85
363	593
48	138
554	141
539	119
16	396
307	599
541	478
131	547
24	417
533	112
251	5
523	500
152	560
558	453
101	524
464	551
258	3
229	9
123	542
51	133
9	228
154	38
252	4
158	564
403	581
266	2
43	454
319	1
269	2
227	590
426	28
52	132
578	412
3	258
482	538
389	586
484	64
444	37
56	126
293	1
81	505
11	380
146	43
465	50
207	585
420	574
295	1
326	598
495	527
391	585
83	93
238	593
5	246
494	528
239	7
500	523
133	549
580	193
348	596
419	575
0	300
302	599
17	201
530	108
20	407
445	38
304	599
562	446
63	117
594	241
309	599
389	14
61	481
193	580
86	90
33	436
68	110
486	535
283	1
163	566
503	80
506	82
343	4
292	599
263	3
206	16
429	30
271	598
91	515
405	581
307	599
56	474
361	593
326	598
257	596
454	557
98	521
256	4
59	122
577	185
297	599
572	426
514	90
484	536
4	348
334	2
7	236
179	574
393	15
572	174
376	10
94	82
362	7
420	574
160	565
404	19
225	10
458	555
315	1
208	15
404	19
535	486
110	532
295	1
417	576
178	574
483	63
479	60
59	478
435	33
579	410
82	506
267	2
194	20
321	1
536	115
262	597
580	193
77	100
104	527
133	51
174	28
110	532
375	590
480	60
383	12
262	597
150	41
322	1
218	12
210	14
336	3
592	232
289	599
199	582
89	87
185	577
387	587
525	102
79	502
94	518
190	21
247	595
597	258
163	34
301	599
97	80
411	22
356	594
514	90
224	590
78	99
248	5
76	101
221	589
150	559
169	31
282	599
282	1
98	79
58	477
78	501
90	514
125	543
311	599
275	2
237	7
372	9
8	232
327	598
233	8
398	583
341	3
177	573
450	559
178	26
266	598
235	592
506	518
251	595
77	100
192	21
281	599
583	201
507	83
103	74
149	41
291	599
30	430
102	525
91	85
224	590
553	461
551	464
380	11
185	23
385	587
77	100
320	1
250	5
157	37
495	527
478	59
458	45
599	276
68	490
417	576
385	587
393	15
493	71
428	29
458	555
216	588
422	574
430	30
258	3
372	591
549	133
583	201
318	1
309	599
577	415
368	8
80	503
87	511
107	71
271	598
443	37
166	32
96	81
128	545
2	334
34	162
532	490
372	9
420	574
212	14
311	1
37	156
418	575
207	15
588	216
455	556
255	596
391	15
21	190
433	32
263	3
116	536
568	166
329	598
176	27
296	1
476	542
411	578
595	246
68	110
564	158
130	547
107	71
439	565
194	580
205	584
548	468
278	599
429	30
579	190
77	100
364	593
19	195
487	66
206	16
228	9
215	13
180	26
74	497
297	599
259	597
145	556
254	4
148	558
22	412
197	19
511	513
270	598
144	556
219	588
319	1
505	81
393	15
599	324
577	185
458	555
477	542
583	201
384	588
58	477
217	588
211	586
91	515
432	31
62	118
469	547
324	599
128	55
85	509
233	592
299	599
214	587
106	72
13	213
415	23
43	454
241	6
538	482
141	46
158	36
443	37
344	4
94	82
252	4
321	599
269	598
325	2
81	95
215	13
191	21
374	590
204	584
258	597
173	571
504	519
454	43
330	2
353	5
211	14
515	91
480	60
432	31
42	453
326	598
393	15
183	576
114	65
241	6
400	18
152	40
1	324
571	428
375	590
35	160
175	572
503	80
486	535
565	440
239	7
187	23
538	482
203	17
303	1
221	589
7	236
23	415
555	142
416	24
142	45
202	583
253	596
101	76
456	556
48	462
592	232
514	510
431	31
111	68
360	7
510	514
211	586
399	583
227	590
178	574
459	46
466	549
26	422
161	565
392	15
37	156
520	503
160	565
285	1
421	574
345	4
502	521
361	7
51	133
12	384
284	599
546	471
136	49
129	54
310	1
211	586
432	31
371	591
136	49
62	118
387	587
23	415
370	591
163	566
391	585
147	42
212	14
111	68
271	598
423	27
562	446
293	599
22	412
511	513
208	15
32	434
356	594
550	465
398	583
118	62
7	364
123	542
276	599
398	583
131	53
223	589
119	539
434	568
458	45
117	537
258	597
334	598
236	7
89	87
525	102
390	14
224	590
273	2
433	32
107	71
576	417
110	68
258	597
590	376
169	31
11	220
11	220
107	529
272	598
124	542
324	599
199	582
13	387
360	7
511	513
530	492
307	1
88	88
54	471
334	598
22	188
557	454
7	364
389	586
467	51
133	549
216	588
206	16
338	3
277	1
450	41
591	228
215	13
584	204
81	505
324	599
5	246
278	1
17	399
198	582
297	599
549	133
10	376
221	589
108	530
4	348
109	69
215	587
304	1
338	3
189	22
509	85
498	525
563	156
359	6
204	16
438	566
202	583
521	98
369	591
86	90
0	300
310	599
300	600
547	470
587	387
295	1
445	562
105	527
279	1
515	91
298	599
151	560
592	232
111	68
447	39
484	64
565	440
23	415
555	458
347	4
591	228
323	1
25	181
335	3
263	597
98	521
116	536
135	50
435	567
442	564
457	555
59	122
456	556
196	581
208	15
388	14
449	40
332	2
195	19
383	588
102	75
247	595
421	574
26	422
589	220
244	6
588	216
221	11
533	488
91	515
72	494
90	514
21	190
512	512
33	164
278	1
257	596
104	73
379	11
517	507
333	2
233	592
461	47
128	55
79	502
390	14
325	598
554	141
312	599
569	432
93	83
270	2
243	594
423	27
241	594
179	26
37	156
71	493
526	103
528	106
331	2
418	25
564	158
463	49
342	597
60	480
29	172
229	9
457	555
297	1
67	488
408	579
385	13
248	5
421	574
463	49
76	499
147	42
410	579
517	93
554	141
189	22
187	577
38	154
143	555
194	20
573	176
104	527
494	72
17	201
92	84
363	593
591	228
301	1
433	568
537	117
329	2
231	9
61	481
558	147
432	569
149	41
507	83
232	592
463	49
454	557
9	228
31	432
167	32
339	597
399	583
230	9
126	544
439	35
325	2
416	576
192	579
552	462
537	483
539	119
209	585
171	570
111	68
456	556
25	181
563	156
14	210
248	5
174	572
418	25
345	596
232	592
220	589
253	596
547	470
525	102
144	556
51	467
281	1
440	35
312	1
439	565
596	348
347	596
460	47
65	486
484	64
170	570
96	81
169	569
421	26
267	2
447	39
180	574
309	1
589	220
185	577
75	102
515	509
236	593
141	46
219	588
9	372
307	599
255	596
359	594
235	592
280	599
411	578
312	599
86	510
275	598
575	419
549	133
473	545
382	12
428	571
186	23
550	135
102	525
206	584
277	599
9	228
200	582
327	598
380	589
431	569
52	468
55	127
215	587
32	434
149	41
230	591
444	37
134	51
271	598
592	368
565	440
43	454
207	15
487	66
27	176
598	266
206	16
420	574
367	592
30	170
54	129
175	572
11	220
85	91
58	123
57	125
580	193
525	102
194	580
81	95
2	334
22	188
148	558
179	26
294	599
70	492
396	584
26	422
459	46
310	599
220	589
263	3
190	21
276	1
244	594
6	359
366	8
395	16
403	581
304	1
475	543
427	29
59	478
203	17
90	86
183	24
0	300
131	547
111	68
594	241
473	545
125	543
201	583
273	2
125	543
494	72
65	486
467	549
231	9
231	591
322	599
19	405
275	598
532	110
274	598
572	174
382	588
135	550
599	324
267	598
520	97
401	18
139	47
225	10
205	16
234	592
296	599
454	557
335	3
211	14
20	193
446	562
461	47
187	23
110	532
423	27
152	40
366	8
414	23
553	461
40	151
479	60
0	300
308	599
530	108
223	589
585	207
93	517
564	442
563	156
488	533
24	417
535	486
513	511
222	11
431	569
356	594
307	1
318	599
457	45
15	393
266	2
453	42
107	71
383	588
251	5
114	65
282	599
379	589
557	454
335	597
390	586
237	7
257	4
269	2
441	36
299	599
0	300
99	522
341	3
536	115
592	232
528	494
417	24
207	585
479	540
60	120
212	586
232	592
125	543
250	5
64	115
192	21
494	528
265	3
136	49
517	93
357	6
525	498
9	228
39	153
42	453
10	376
164	567
336	597
37	156
25	181
458	555
76	101
23	415
17	399
270	598
58	477
7	364
311	1
390	586
88	512
299	599
141	554
282	599
490	532
130	547
70	108
19	405
195	581
24	183
424	27
133	549
329	2
378	11
368	592
413	23
77	500
133	549
505	519
546	471
112	67
123	542
357	6
151	560
527	104
245	594
529	107
439	565
336	597
201	583
149	559
112	67
562	154
229	9
169	569
128	55
440	35
417	576
153	561
114	535
550	465
33	164
202	583
402	18
442	36
96	81
354	5
444	563
436	567
486	65
219	588
104	73
253	4
259	597
63	483
41	451
11	220
145	556
413	23
344	4
219	12
557	454
458	555
53	470
381	588
373	10
161	565
374	10
156	37
187	23
115	536
134	51
443	37
424	27
151	560
383	12
248	595
545	473
19	195
279	1
155	562
501	78
8	368
254	4
352	5
205	584
465	50
526	497
96	519
258	3
260	3
146	557
492	530
394	16
311	1
351	5
474	56
355	6
131	53
581	195
269	2
334	2
420	574
461	553
64	115
517	93
23	415
348	4
59	478
164	567
131	53
295	599
28	426
491	531
520	97
277	599
223	589
161	565
354	5
248	595
367	592
434	568
157	37
571	428
97	520
290	1
242	594
204	16
7	364
288	599
377	589
83	507
195	19
179	26
133	51
385	587
87	89
456	556
163	34
298	1
131	53
369	591
458	555
410	21
182	575
318	1
475	543
459	554
579	190
72	106
65	486
5	246
406	580
376	590
34	162
228	591
116	536
100	77
421	26
270	598
126	56
266	598
426	572
481	539
510	86
131	53
148	42
537	483
199	18
521	98
265	597
383	12
200	18
336	3
200	582
50	135
266	598
432	569
33	164
434	32
13	213
81	95
208	585
95	519
326	598
437	566
475	57
422	26
452	558
289	1
95	81
228	591
438	566
563	444
550	465
32	166
254	4
37	444
91	515
277	1
592	368
64	115
531	491
189	578
483	63
33	436
69	109
350	595
534	487