597	159
303	141
118	24
68	21
28	117
139	258
139	551
367	457
461	429
16	450
83	411
180	265
586	171
92	334
425	370
463	130
342	585
469	172
409	30
153	175
321	175
130	546
578	507
203	261
399	557
461	90
340	253
414	375
109	141
355	247
10	125
209	263
580	587
497	236
209	403
466	63
443	358
257	129
446	594
339	305
504	422
51	551
372	200
54	324
87	477
284	56
115	37
89	496
305	344
513	378
153	369
355	294
526	549
188	323
413	112
4	202
115	205
238	59
126	271
200	275
532	192
547	271
296	53
108	471
555	61
41	137
598	45
327	473
510	105
440	235
144	576
474	109
492	356
514	443
167	405
232	64
400	562
172	77
196	475
334	26
396	197
531	135
332	475
75	509
279	221
560	405
174	512
201	317
423	578
372	115
242	256
74	527
335	6
227	441
59	593
555	476
458	261
517	398
158	319
83	524
597	494
224	391
33	170
396	533
336	185
543	278
28	402
409	276
333	64
357	245
594	301
526	465
327	336
154	234
64	164
187	540
52	111
156	459
349	236
257	363
275	397
471	289
32	384
586	164
198	356
573	414
293	193
292	509
529	10
254	496
415	32
63	448
312	172
353	558
199	72
178	467
52	258
88	215
83	310
577	49
231	127
184	584
191	482
41	196
274	224
590	436
183	238
346	461
86	234
282	563
114	11
220	263
543	437
223	557
208	128
402	465
530	69
553	438
85	245
201	90
248	389
341	305
547	377
305	405
536	156
339	407
475	473
314	333
521	98
383	375
12	466
24	367
180	385
587	261
178	92
592	388
110	518
383	205
384	551
240	589
67	254
481	14
485	182
354	239
588	267
300	169
339	0
168	95
425	151
197	152
211	316
441	221
183	30
288	409
185	250
19	314
147	589
71	131
477	358
206	267
269	463
155	310
80	182
239	173
470	132
384	484
395	512
353	169
161	513
189	268
99	359
461	207
421	421
177	363
415	517
227	172
592	359
279	442
487	0
174	558
533	419
18	261
495	78
484	124
399	156
353	0
153	354
547	96
35	232
156	250
526	495
317	502
50	289
12	227
445	289
404	172
283	224
534	295
258	497
526	402
125	98
408	490
520	415
329	25
323	37
242	51
575	407
71	373
109	305
94	387
430	439
131	557
245	24
257	21
537	221
490	359
534	552
439	21
443	146
59	30
103	101
105	275
413	363
479	174
502	345
530	183
221	588
272	452
69	438
253	524
279	365
53	320
352	273
281	302
207	239
36	476
365	582
13	309
124	53
255	19
218	152
371	314
375	317
31	77
137	439
576	367
41	598
563	239
334	121
90	289
424	522
250	13
495	420
136	351
106	579
324	530
163	343
69	345
247	351
116	364
163	446
213	531
170	381
40	338
484	269
350	497
473	286
55	263
331	97
88	283
72	527
1	582
590	244
205	528
538	20
43	173
289	512
585	132
319	412
296	20
502	440
466	163
590	585
296	53
291	444
152	301
220	78
308	3
440	163
486	442
195	457
303	277
438	288
463	229
84	120
198	65
560	151
185	587
68	141
496	267
53	534
413	498
258	148
495	301
483	230
172	172
551	10
381	566
45	330
59	363
100	405
559	398
158	533
311	436
551	304
277	549
147	37
209	182
526	229
231	553
405	140
467	410
505	514
161	470
196	179
161	490
588	583
503	133
140	262
457	523
2	220
201	120
403	269
2	461
306	61
280	297
424	486
80	543
206	455
598	312
6	446
278	197
247	194
18	260
414	207
258	188
105	454
273	502
112	520
564	210
173	144
478	515
498	66
222	472
409	572
274	272
398	559
229	153
89	530
547	486
272	195
302	74
490	530
369	197
125	573
209	354
569	538
484	498
526	388
457	409
95	60
271	82
122	371
538	506
95	498
96	270
558	447
417	194
198	260
301	432
0	565
431	537
474	54
7	210
183	359
494	349
459	421
530	379
525	526
297	252
285	216
483	235
245	422
464	80
259	152
472	107
356	102
217	402
109	482
291	487
51	15
376	593
274	249
263	445
355	378
407	506
510	358
464	94
255	532
350	351
77	202
223	306
37	572
300	506
573	504
132	325
381	425
123	73
208	469
129	158
583	349
439	200
199	410
549	572
289	30
479	348
111	22
14	361
79	98
522	204
576	53
45	265
248	8
419	280
272	574
342	121
247	107
549	523
331	470
236	498
103	304
248	427
574	39
137	485
246	148
161	157
87	254
75	501
306	360
37	467
375	334
528	250
550	87
590	543
319	551
187	458
493	84
507	135
414	539
371	544
118	391
572	569
96	453
499	7
102	278
124	222
0	34
308	501
8	501
277	272
350	41
228	10
168	144
126	245
33	36
289	320
26	446
552	195
495	343
222	474
472	341
180	188
599	30
53	151
193	82
158	313
309	592
491	245
538	480
77	65
430	576
272	248
568	581
560	273
391	368
379	506
332	498
481	106
409	5
1	314
261	49
142	551
456	96
374	344
401	487
418	158
415	569
441	332
411	121
464	28
469	372
356	348
198	448
40	331
522	85
274	572
592	535
519	118
10	77
47	149
479	585
547	489
480	308
107	272
520	29
540	363
284	382
431	458
313	292
44	349
589	377
397	528
54	223
303	1
119	506
123	577
505	171
100	125
110	69
520	281
73	558
153	560
89	236
438	466
43	377
450	345
279	220
358	170
539	589
498	357
388	13
374	449
516	328
79	480
165	544
198	385
107	591
394	104
95	97
245	574
23	147
460	238
459	316
480	38
75	510
154	270
557	433
372	256
538	261
314	195
408	105
446	462
258	285
531	502
131	40
258	348
241	495
24	558
598	171
489	168
283	477
341	143
309	329
216	282
545	492
120	213
139	44
519	451
410	147
529	399
376	62
327	447
317	376
105	294
275	518
379	397
445	327
462	541
56	306
431	347
387	532
213	256
387	108
364	412
207	229
542	543
27	496
249	43
304	323
164	377
367	97
275	207
254	575
26	595
556	265
565	271
350	447
302	137
556	463
552	309
573	208
464	553
519	32
508	333
252	507
84	197
398	160
108	124
362	369
419	478
266	216
598	19
301	321
366	259
417	24
496	26
281	567
539	434
513	571
12	87
486	12
197	539
259	343
228	455
229	82
551	378
280	452
494	481
35	414
57	427
471	394
424	376
93	118
1	238
381	117
76	95
498	467
395	514
434	170
277	564
108	502
562	291
330	161
184	319
542	339
363	333
409	362
252	386
94	442
80	232
70	362
497	136
204	163
258	468
472	53
596	71
489	391
230	580
3	235
281	392
41	516
225	541
268	548
87	211
353	247
547	213
160	454
423	110
72	400
503	558
281	292
509	269
122	539
241	538
208	453
469	72
152	283
110	478
307	373
94	1
168	599
471	65
352	156
314	341
91	415
566	123
336	314
476	448
201	198
150	464
180	381
280	67
446	279
254	437
579	559
597	431
489	393
543	23
546	98
550	137
239	84
481	184
225	157
76	326
283	507
161	11
596	310
53	541
65	433
6	565
111	175
184	474
590	70
7	492
345	299
382	367
481	2
270	225
425	551
210	2
61	350
287	231
180	411
473	451
68	191
337	555
84	344
195	356
548	324
523	300
369	10
279	153
214	405
408	81
180	349
138	432
265	44
91	192
111	18
136	304
3	141
155	107
582	304
129	451
192	535
224	154
24	12
413	237
336	153
403	262
229	539
184	380
541	272
553	297
377	245
406	367
530	150
376	464
216	586
271	450
285	305
416	467
31	78
596	142
333	411
76	537
457	14
311	378
187	494
270	134
287	161
543	478
421	494
125	167
398	425
281	116
438	289
18	50
229	546
599	520
167	135
509	465
403	328
541	231
113	547
124	421
108	210
574	345
240	377
109	420
173	315
531	535
481	440
583	333
323	21
83	151
187	312
532	248
264	350
524	357
586	330
290	8
438	300
128	274
111	436
588	370
393	538
176	479
120	20
125	61
8	323
4	64
470	322
565	74
467	171
256	242
169	120
465	116
334	259
25	430
190	299
231	230
461	419
269	118
81	449
135	369
133	296
278	13
275	458
299	581
417	285
159	473
556	128
79	460
178	131
77	306
337	561
297	284
221	427
358	522
479	57
65	219
161	455
333	140
485	211
330	299
13	487
283	582
214	191
30	453
318	544
79	593
548	442
358	143
518	396
519	373
485	531
448	272
598	422
300	176
242	505
334	88
212	148
298	21
194	400
509	515
213	141
532	159
419	43
50	244
580	91
332	333
465	216
398	132
16	32
256	21
404	329
99	146
594	554
46	507
22	351
77	489
428	168
201	472
490	575
474	239
242	540
496	589
598	302
265	266
268	456
165	295
321	230
390	499
354	267
75	426
405	105
108	532
278	443
183	80
469	362
553	475
53	114
24	273
592	577
133	143
486	44
143	490
556	461
378	263
504	548
55	384
451	257
77	552
272	444
93	491
17	545
59	333
544	427
128	86
515	252
381	46
1	158
146	595
1	25
596	515
105	18
548	496
428	164
540	72
205	445
597	518
72	119
245	433
544	578
252	326
27	411
173	228
521	299
265	588
579	183
510	251
241	567
135	174
20	532
102	41
186	299
549	444
455	577
25	106
576	514
175	583
427	43
9	157
491	471
513	35
232	561
382	371
395	448
484	278
471	528
38	575
90	322
542	537
139	274
493	501
165	297
367	43
305	23
341	173
163	30
54	163
195	14
471	358
108	184
519	77
345	274
472	189
290	374
215	425
454	551
261	526
291	361
174	288
496	395
302	95
492	428
19	288
376	239
494	209
439	501
299	197
54	478
360	360
437	307
355	344
461	91
147	456
124	111
592	578
556	204
503	7
539	133
582	326
355	291
278	440
304	266
286	388
354	216
115	236
352	549
221	338
365	370
541	200
279	344
139	251
529	117
549	379
275	253
265	442
232	115
499	14
277	563
570	493
321	69
156	524
599	288
570	108
192	297
551	97
254	398
241	496
540	155
18	549
409	392
145	38
171	421
153	568
55	379
435	420
239	129
135	117
325	263
374	264
4	555
299	576
349	54
240	110
279	457
204	482
416	385
50	344
16	468
165	505
261	159
599	261
264	503
441	114
86	120
573	428
475	12
127	329
569	539
394	183
351	12
30	165
541	94
311	235
211	45
362	519
24	388
64	188
296	499
341	312
423	381
154	139
563	553
414	568
350	147
67	33
40	15
173	307
491	65
229	387
456	467
540	555
23	132
107	30
451	98
535	507
44	252
506	521
550	478
460	120
367	505
217	295
470	494
308	288
367	295
585	236
347	371
207	204
564	404
44	501
109	351
403	159
496	63
529	338
498	501
158	582
225	256
286	390
381	14
463	303
476	28
580	122
256	104
312	412
539	160
415	479
131	382
118	55
288	515
139	315
353	501
207	53
519	246
527	520
506	250
546	557
591	141
37	210
411	190
130	536
457	340
39	23
503	556
451	520
319	524
491	190
161	495
403	218
350	269
280	10
167	486
586	470
180	316
383	519
504	530
273	75
521	508
162	289
38	196
38	437
146	366
207	113
461	321
462	169
33	459
101	217
17	87
137	309
478	358
29	236
539	559
282	434
0	36
458	193
213	275
500	332
404	77
393	535
160	398
141	222
421	114
225	240
453	33
350	47
361	494
260	311
121	274
432	9
250	575
20	476
462	404
200	326
226	109
150	508
392	235
131	588
181	47
233	251
21	142
354	392
74	314
328	156
492	534
359	164
106	43
75	356
558	299
582	442
359	113
145	300
128	283
180	559
422	118
217	518
246	517
123	443
333	149
540	421
441	55
515	438
45	571
325	575
442	429
90	178
432	359
480	132
348	123
125	373
283	59
589	453
453	583
484	277
221	530
453	567
69	370
441	419
118	482
92	560
140	61
145	83
120	73
437	502
152	102
129	192
121	514
17	309
516	402
353	194
166	63
376	87
178	418
12	225
385	133
277	155
498	432
238	416
356	197
549	232
184	401
420	589
107	231
48	536
193	506
543	405
214	302
462	40
117	332
504	482
444	384
211	68
182	305
157	38
392	293
364	541
8	510
114	127
526	69
543	52
438	537
65	427
62	444
414	262
347	475
586	363
288	328
196	407
454	421
330	193
367	94
182	553
267	380
560	27
382	98
258	172
105	54
483	71
77	597
339	485
310	179
485	439
132	39
18	169
564	271
74	428
453	564
518	120
375	420
345	77
102	72
405	228
525	250
89	39
580	589
152	169
436	161
109	315
353	1
586	356
358	515
184	53
479	451
369	486
31	140
449	344
466	557
163	536
277	155
536	197
202	160
330	550
183	96
214	507
342	156
552	70
479	86
537	21
121	199
587	520
303	88
213	569
455	595
217	477
287	309
251	133
137	114
37	313
469	357
381	378
532	251
432	218
506	419
191	19
422	500
240	528
204	163
80	516
97	559
291	117
302	554
494	84
157	175
372	364
544	43
13	429
442	482
541	340
245	278
448	377
482	262
323	196
232	393
222	92
123	389
405	182
157	105
414	78
107	411
485	477
598	270
554	104
186	44
572	224
555	212
311	179
523	265
17	503
192	582
147	598
274	297
147	427
330	531
22	15
134	585
458	503
322	323
345	526
496	151
513	115
240	249
97	391
530	416
70	77
544	64
108	30
225	527
48	128
464	230
594	114
451	95
312	198
31	382
477	484
329	77
480	271
215	311
201	399
109	281
214	450
428	440
12	455
237	19
377	433
331	6
470	188
38	199
26	415
507	201
290	566
457	363
197	218
30	149
419	367
576	526
357	331
464	364
159	118
393	337
50	154
279	582
383	440
338	487
230	44
113	394
476	255
371	309
467	407
136	468
323	189
414	444
70	162
33	111
474	95
122	492
343	152
368	226
256	35
571	33
310	355
540	405
272	36
507	15
407	298
193	130
334	523
260	471
590	45
529	302
503	477
339	594
323	181
273	567
541	297
502	490
295	111
570	413
249	96
326	501
21	511
333	258
350	125
6	299
417	207
141	92
420	21
17	237
500	55
136	208
411	382
431	278
549	588
502	510
355	545
432	203
481	467
8	353
490	1
383	292
131	420
314	541
597	426
55	155
172	297
336	137
380	373
385	593
540	70
124	517
554	417
484	77
502	464
438	122
515	57
411	110
104	88
130	190
524	402
498	430
456	431
165	143
278	594
529	431
119	1
488	565
3	516
447	383
377	516
11	58
279	41
239	221
19	215
26	443
447	342
318	315
555	53
555	565
445	467
170	324
187	57
502	314
337	79
444	76
550	82
107	556
265	406
526	229
65	190
231	390
314	85
494	550
371	224
223	312
387	466
409	283
260	531
82	57
193	166
536	338
297	182
506	44
141	172
437	441
558	319
419	182
423	361
454	355
594	178
211	499
318	420
105	522
510	130
128	286
541	301
158	155
54	476
292	287
0	79
472	439
589	216
372	324
348	247
315	358
389	169
404	571
330	228
495	371
133	346
348	459
347	471
547	77
248	480
301	576
517	210
450	305
324	532
188	78
148	299
329	547
463	104
134	227
321	351
46	228
372	583
114	271
206	369
98	402
180	319
226	300
256	10
208	349
309	503
73	455
459	440
235	21
22	51
253	39
153	377
483	247
128	101
374	27
339	166
224	319
294	299
93	374
477	410
157	421
29	46
469	596
390	83
126	106
20	494
221	388
405	461
321	121
461	32
420	533
69	59
216	272
322	458
67	571
57	296
133	358
384	595
110	384
160	303
93	364
590	565
131	157
465	496
213	550
542	149
392	512
328	252
119	209
51	415
320	509
495	358
470	140
401	260
431	376
477	97
212	129
568	205
169	374
266	598
499	290
105	462
22	465
216	21
433	126
62	70
217	171
539	400
273	283
278	171
331	143
201	93
553	27
294	361
156	452
155	418
286	505
368	17
259	587
249	153
433	547
103	403
32	262
506	595
252	463
265	286
160	177
73	590
357	479
19	580
369	75
464	585
362	495
480	225
97	139
120	125
539	379
578	355
330	36
310	227
595	44
463	448
9	331
408	418
279	233
181	268
554	326
165	71
4	168
237	490
533	332
289	452
76	516
475	576
316	137
493	571
82	461
411	438
554	488
98	146
57	333
30	292
212	81
415	463
264	55
506	569
267	386
278	379
592	32
141	552
8	40
307	153
123	408
419	442
215	445
68	541
471	119
530	65
172	432
297	150
33	146
85	472
40	338
269	534
282	533
173	582
484	565
243	158
21	359
449	409
483	77
545	461
430	3
527	413
52	568
39	536
124	195
416	261
310	263
97	240
351	485
247	262
490	485
32	513
538	464
562	32
252	180
285	95
521	437
255	334
498	549
302	264
348	176
328	378
122	374
470	582
426	309
495	4
232	67
385	68
166	221
282	90
189	583
20	46
173	353
383	174
200	377
369	443
309	507
41	181
73	410
273	364
200	393
137	148
120	451
231	260
454	483
380	251
314	481
595	455
14	402
59	355
156	283
460	565
69	505
198	585
333	399
284	453
324	77
272	139
552	402
280	52
254	519
262	71
239	159
381	278
31	350
519	272
105	372
571	481
357	270
52	339
12	50
213	190
595	261
305	275
459	67
463	433
401	523
370	586
136	324
294	382
556	375
110	186
402	362
203	68
452	462
543	301
8	71
264	51
80	421
120	178
212	499
544	135
419	187
29	481
193	364
515	372
226	50
134	291
317	89
391	1
172	429
219	84
439	216
568	511
80	513
384	531
225	581
336	593
233	357
59	478
174	548
31	468
469	187
233	25
333	68
211	469
529	55
292	221
28	323
249	71
302	429
511	298
445	374
298	292
279	412
183	471
283	88
30	465
496	231
507	446
5	215
596	4
536	455
117	435
18	220
535	239
351	428
103	299
491	457
570	4
64	60
14	255
84	154
308	400
80	384
194	72
571	246
117	482
484	59
523	90
79	550
182	506
534	348
381	27
49	98
573	60
425	376
60	122
6	280
478	405
56	2
392	570
338	534
586	410
226	190
274	182
301	557
75	245
392	423
525	156
42	318
101	201
277	110
333	404
179	310
503	547
581	187
322	464
494	571
319	177
222	507
54	580
530	566
385	404
289	18
594	308
114	480
432	583
377	560
221	210
80	287
219	319
418	550
484	191
475	512
321	34
443	375
554	438
97	364
581	306
124	561
178	62
597	173
218	1
520	491
95	430
81	79
191	428
316	15
482	417
436	81
323	546
101	535
596	74
574	51
121	108
405	48
15	390
535	16
557	12
295	116
256	582
555	107
453	368
462	545
360	236
279	267
505	77
113	437
214	258
76	328
267	366
154	571
238	280
443	477
391	436
433	93
556	413
8	502
387	437
557	362
553	178
151	369
520	79
451	254
508	220
169	54
510	595
60	566
202	313
215	441
35	508
163	339
151	103
253	460
77	495
588	492
554	185
480	591
387	179
438	182
372	123
528	34
31	56
161	125
521	411
334	591
230	145
144	361
436	472
95	146
5	483
208	44
431	244
342	234
454	430
119	529
529	492
373	599
273	424
597	236
5	372
364	260
579	527
581	173
313	397
0	364
585	5
469	222
275	512
509	333
517	283
121	402
294	529
324	594
296	33
67	478
291	215
502	371
454	385
302	186
240	312
445	460
517	137
414	62
292	239
489	453
77	135
153	15
408	64
449	566
448	509
416	169
183	40
462	368
139	52
14	564
110	279
587	472
195	138
167	416
220	47
39	109
129	510
90	554
530	451
456	511
406	576
535	127
180	331
169	432
302	387
241	430
262	308
556	156
433	53
285	360
560	314
561	514
445	355
89	265
162	248
565	274
589	247
429	222
224	148
387	262
588	92
413	318
478	421
486	483
186	469
364	274
252	542
492	399
565	507
353	238
474	2
180	498
449	246
389	576
421	280
144	31
344	105
59	582
496	278
572	137
146	136
239	474
443	494
316	248
246	354
7	87
527	198
345	587
486	257
116	42
392	329
412	486
23	246
441	595
481	49
281	3
438	111
506	59
386	326
261	178
539	491
198	446
229	126
480	362
369	411
270	160
292	349
68	359
164	88
547	569
549	595
179	148
81	585
91	211
86	451
36	552
416	131
35	80
496	567
581	27
245	89
14	70
519	279
506	255
411	323
468	348
343	393
452	329
551	248
163	540
160	135
139	158
234	318
314	417
595	134
429	193
518	478
224	200
27	371
59	281
288	355
41	584
181	374
314	29
516	193
376	515
375	328
311	433
596	423
182	525
244	38
410	544
593	183
449	426
77	373
43	146
423	339
21	529
585	53
544	484
213	439
38	373
533	129
13	229
586	163
123	120
501	411
473	524
345	344
357	95
577	90
7	365
549	152
325	115
0	373
554	451
205	463
313	396
120	238
239	517
73	150
118	29
186	105
358	10
562	260
439	181
2	108
185	534
13	53
100	554
181	183
371	373
328	301
499	101
578	275
66	221
115	203
579	426
121	540
486	454
216	208
331	94
254	161
87	202
140	183
263	305
374	296
209	87
571	525
347	588
375	412
35	513
62	399
389	154
484	433
379	466
88	248
262	272
479	588
579	509
556	490
65	390
469	373
255	556
129	330
435	525
13	166
156	134
278	478
17	408
288	178
266	69
533	488
196	229
570	89
371	441
451	9
431	307
295	576
97	16
262	40
151	19
454	27
315	192
173	251
218	529
25	157
136	536
59	51
80	194
43	284
545	436
316	362
517	197
336	63
563	360
70	445
340	172
167	385
338	169
73	251
477	258
179	501
167	1
583	109
167	299
341	457
427	202
52	550
6	561
275	445
497	39
166	483
581	107
28	323
23	336
469	482
381	557
57	574
213	108
396	156
36	492
101	309
507	102
518	348
358	481
446	294
359	194
465	558
151	91
337	557
565	382
22	283
487	495
249	516
116	476
270	306
220	81
216	90
551	236
350	502
42	234
579	495
57	340
435	524
6	377
401	3
191	433
198	515
158	452
389	164
362	61
273	67
146	582
199	350
314	1
216	256
454	168
159	306
435	577
209	431
565	50
122	330
331	437
51	29
7	264
449	72
25	580
306	373
403	47
449	12
343	496
41	72
581	366
93	77
321	22
238	588
393	360
254	540
244	413
489	503
565	366
51	454
455	524
20	498
18	7
416	312
180	397
460	376
20	226
131	106
271	430
534	62
589	400
266	599
557	141
442	194
485	420
485	297
190	97
451	398
356	588
458	470
156	37
309	365
542	183
243	575
361	318
45	362
149	262
129	486
276	201
356	45
34	517
421	373
188	488
524	215
285	392
265	171
387	148
288	10
103	224
402	495
43	481
64	179
447	358
304	325
516	470
594	82
377	596
4	286
12	508
586	95
152	161
513	129
156	412
194	196
117	475
580	503
282	236
466	319
100	348
404	312
393	296
361	54
182	271
161	424
377	130
401	170
137	129
0	158
205	132
302	351
545	570
133	265
472	73
191	56
235	435
247	19
319	82
43	492
180	520
335	120
433	85
181	294
525	293
376	325
401	389
209	454
282	130
472	331
226	87
508	314
597	345
405	539
305	480
302	98
295	148
321	136
127	1
27	420
280	249
150	26
68	245
205	542
489	240
106	287
140	359
307	115
273	545
236	394
29	359
406	297
172	399
444	518
375	219
542	11
149	345
70	25
258	223
488	387
173	334
271	163
395	272
434	332
265	134
198	6
398	138
301	480
135	445
340	301
245	383
330	21
41	425
460	111
111	320
189	480
72	313
595	250
321	123
5	28
225	269
8	378
384	301
73	49
579	122
509	385
156	55
499	519
447	501
427	550
519	259
489	338
270	237
529	400
147	78
206	149
94	35
334	426
303	189
405	217
205	554
386	286
50	585
502	581
459	241
232	276
430	581
102	548
548	301
87	562
174	308
483	548
475	226
531	178
215	550
469	595
584	561
240	489
506	73
134	578
579	240
399	28
248	265
2	508
485	71
31	474
180	34
504	461
5	327
109	175
428	370
566	492
465	59
579	372
552	242
216	227
64	248
244	242
89	587
265	43
510	518
278	318
547	451
119	371
432	566
38	35
555	39
387	56
115	547
583	437
200	312
390	539
385	515
427	130
309	464
85	472
91	349
47	105
109	492
350	219
79	411
243	76
174	561
504	514
35	135
399	375
190	584
550	336
287	271
431	464
56	428
396	437
495	194
424	583
344	448
560	504
510	425
392	45
578	515
58	415
236	505
169	174
502	325
123	155
345	454
69	144
247	449
89	455
327	247
435	92
574	555
361	335
435	342
8	410
131	121
419	275
179	166
199	358
132	548
346	275
465	37
465	383
444	229
425	26
470	1
357	420
5	58
214	4
431	181
585	351
85	48
465	17
411	346
86	132
476	368
446	394
107	144
351	104
436	284
174	137
240	436
466	355
336	128
442	491
528	377
229	128
165	59
328	206
233	522
473	490
443	485
555	5
180	203
410	79
307	472
334	513
67	308
557	558
98	145
209	415
322	432
593	90
29	479
146	542
313	384
158	358
507	496
189	287
255	370
120	368
94	544
421	493
488	93
107	512
273	322
351	469
224	36
296	143
194	534
245	452
22	49
95	523
257	388
209	397
441	265
91	143
359	333
93	594
238	275
505	549
176	207
521	24
287	90
240	549
552	263
572	173
116	0
289	389
577	214
33	19
374	27
15	128
139	389
452	172
590	194
120	217
138	139
538	285
362	158
539	255
4	452
508	245
200	123
376	568
519	281
204	117
137	502
458	160
503	76
277	255
231	382
167	496
541	138
254	240
486	132
126	49
0	185
232	543
334	581
519	352
120	497
91	390
391	132
102	26
493	37
524	326
507	162
369	582
540	192
26	396
447	56
405	320
594	42
516	520
257	417
268	569
590	419
44	354
411	27
489	58
427	108
374	486
102	148
81	504
123	586
193	518
527	558
523	70
540	228
476	388
30	13
393	456
422	434
506	391
409	253
517	124
571	454
86	250
221	182
484	1
222	564
319	306
589	138
365	457
564	427
493	550
272	123
539	592
101	595
249	191
319	287
30	460
43	54
144	351
371	590
366	116
177	593
400	260
75	367
432	59
436	418
89	451
532	96
389	37
493	1
126	383
286	501
122	198
229	256
33	345
541	174
114	119
560	213
569	399
285	83
69	138
146	581
447	343
45	0
413	363
188	80
267	162
140	147
515	55
319	241
580	587
575	315
526	446
183	229
509	263
464	408
435	33
200	160
504	29
472	311
517	510
556	437
319	301
29	437
374	41
459	381
389	474
4	25
156	43
330	444
248	122
472	156
29	477
308	464
58	594
184	321
474	402
579	395
171	132
317	519
287	490
295	38
496	386
520	348
441	147
317	542
287	2
584	217
94	360
545	569
544	393
274	354
120	188
35	103
261	362
6	389
18	421
454	450
50	454
152	504
568	395
28	296
101	139
77	484
235	176
362	566
566	320
561	342
18	127
298	276
584	36
423	362
146	6
179	77
277	571
280	256
95	558
379	85
246	99
74	441
480	191
453	523
17	105
18	185
494	366
315	366
40	294
218	428
116	417
460	522
328	493
219	106
544	592
454	290
86	300
507	108
576	355
141	508
427	480
64	582
486	560
473	522
497	395
291	397
236	347
300	205
484	168
174	401
40	149
81	538
402	378
470	105
481	7
110	263
178	226
400	235
319	566
210	499
72	504
575	211
518	46
143	339
319	551
572	240
451	369
216	185
301	203
124	244
333	79
492	365
482	131
382	154
197	357
417	486
192	65
50	24
573	384
425	335
20	430
522	532
348	544
263	348
291	17
427	513
217	536
138	340
262	495
525	433
3	489
457	78
470	497
103	593
471	28
102	446
335	251
531	58
65	583
283	359
505	592
103	91
360	444
414	287
282	81
593	482
294	247
216	552
12	133
282	10
366	350
481	435
421	559
420	172
260	305
398	36
305	565
108	288
24	73
75	275
554	469
239	130
434	490
145	407
384	72
144	479
311	594
552	106
137	465
336	15
90	425
213	129
265	212
180	274
571	137
485	507
290	313
259	549
219	326
32	143
213	296
237	540
597	477
302	184
599	499
460	279
495	205
229	314
397	33
462	591
590	114
16	227
551	79
400	511
157	351
385	453
552	7
284	373
102	457
583	208
35	506
28	168
174	385
96	18
255	63
100	89
285	303
24	480
476	468
43	196
227	329
567	524
372	321
354	374
588	316
231	447
146	570
275	558
37	447
555	509
533	35
490	501
68	61
113	598
518	139
87	536
546	385
72	432
165	75
530	498
196	17
10	304
463	134
205	412
46	444
387	248
27	81
125	103
334	278
135	263
143	89
489	342
470	497
287	542
295	265
257	223
402	244
133	455
214	203
191	0
421	173
146	358
363	588
409	195
528	128
414	105
61	178
436	228
99	431
480	74
87	367
58	223
153	193
546	177
44	525
381	12
560	13
30	571
579	177
161	181
342	21
163	40
51	441
501	4
261	366
511	454
416	144
258	431
127	356
278	305
436	583
298	470
338	48
401	364
14	91
33	209
204	115
368	119
118	579
335	44
303	490
592	288
150	329
28	60
222	305
381	228
386	246
450	456
254	354
73	253
512	31
190	67
405	333
138	266
561	564
351	150
222	471
368	76
125	285
413	432
59	413
571	117
82	125
122	119
193	439
81	209
182	209
220	342
471	447
141	118
504	480
433	135
38	185
569	493
146	153
496	456
434	291
396	48
337	457
134	360
126	388
164	572
571	373
278	376
100	414
21	318
495	74
191	331
115	157
56	407
288	577
362	448
158	543
125	450
66	334
25	189
595	387
352	26
291	6
369	91
561	20
55	439
523	542
0	142
568	174
113	519
299	353
55	436
316	597
56	38
41	112
168	155
514	290
440	224
114	585
232	108
25	343
381	572
199	546
526	524
378	55
320	344
304	580
362	423
160	409
402	193
11	154
350	565
184	452
335	506
517	361
496	440
522	314
276	561
295	576
373	577
533	542
209	55
386	463
471	495
358	231
336	14
171	273
224	313
193	285
387	402
495	59
420	217
494	433
545	275
367	380
154	337
277	214
489	175
445	317
387	455
98	404
460	9
37	304
345	98
497	57
383	287
124	539
9	100
346	64
470	85
132	580
193	103
350	36
362	524
421	347
258	178
239	579
108	583
365	52
318	355
483	53
479	474
297	388
266	381
210	115
513	91
153	377
421	465
115	562
233	227
47	5
247	142
402	40
290	340
552	353
35	130
269	123
550	433
57	419
308	439
521	399
476	442
554	442
259	385
89	526
259	463
414	30
583	157
431	375
340	338
337	443
210	105
225	305
338	136
296	436
443	416
117	78
29	358
204	409
126	525
508	59
474	381
270	67
165	396
490	100
308	327
468	189
370	438
227	522
142	249
458	138
34	595
528	142
134	90
538	211
3	543
248	516
84	368
28	224
358	415
6	51
96	511
573	35
141	427
409	466
262	67
116	506
237	475
207	130
29	450
488	580
405	396
472	376
59	52
211	544
469	466
385	217
138	53
169	555
127	149
365	93
62	583
585	552
385	174
453	318
428	58
290	319
121	376
545	496
308	398
455	80
135	561
149	528
272	477
83	23
549	496
325	71
410	59
469	488
274	166
152	454
273	567
429	121
562	423
119	385
156	217
540	124
135	272
495	310
325	28
336	396
123	496
106	525
590	27
245	405
507	545
330	374
447	461
340	374
317	149
582	504
486	106
303	47
162	339
194	534
516	45
314	549
340	513
419	329
494	346
484	347
200	233
176	3
329	119
587	177
477	78
330	55
301	76
147	486
563	5
596	364
483	252
455	383
597	511
267	585
350	380
94	360
126	307
518	528
397	217
391	407
559	37
158	116
103	100
252	397
7	364
223	436
533	142
426	238
273	309
69	192
307	398
367	502
137	363
167	225
382	384
179	123
462	240
367	18
214	452
591	503
553	386
384	307
301	239
368	21
453	57
230	490
511	131
396	241
412	317
121	2
88	295
467	442
303	338
497	141
552	459
463	57
246	557
67	275
345	562
436	249
556	125
514	139
15	495
72	542
340	381
230	487
527	426
379	280
246	238
168	490
224	138
272	407
586	143
395	418
452	395
194	46
258	295
188	408
287	447
543	449
188	574
235	292
278	550
504	577
318	385
47	315
474	424
150	12
296	309
29	211
162	430
510	407
213	593
402	371
83	182
270	318
177	174
508	573
515	78
13	104
203	552
492	414
9	110
222	221
332	539
374	410
23	112
565	473
567	392
150	594
160	177
247	224
70	127
100	47
425	351
78	18
35	245
537	286
235	26
75	158
236	237
319	203
359	541
298	472
44	192
453	280
440	467
344	140
408	527
72	485
532	332
440	122
559	277
235	511
299	47
81	402
73	31
263	387
358	591
473	111
145	565
99	73
448	73
333	230
555	384
420	243
104	41
301	29
253	52
485	485
453	18
244	86
473	373
145	220
384	437
382	539
225	3
275	209
13	14
496	449
42	15
172	461
97	43
467	159
457	254
253	132
589	182
321	589
512	275
512	388
409	392
118	576
57	310
274	156
361	14
439	394
225	537
540	583
451	478
438	107
462	574
341	120
359	512
571	253
577	500
569	342
13	110
92	337
197	345
100	295
130	102
406	332
341	112
191	6
322	596
464	38
25	210
250	198
311	186
407	176
481	46
32	366
504	587
196	291
336	522
165	196
98	97
407	477
370	57
386	220
90	387
327	4
269	332
576	441
177	443
303	42
275	11
184	256
270	577
291	505
326	452
529	561
175	395
416	118
203	559
17	135
552	199
487	137
223	306
522	477
433	205
529	584
284	328
526	320
275	487
268	128
428	250
555	17
219	41
556	30
364	192
120	122
102	571
74	464
498	286
85	502
475	588
56	518
511	570
191	466
411	246
451	516
30	577
449	536
524	439
519	31
90	599
91	73
481	3
430	253
491	462
533	88
3	100
545	264
361	315
180	387
243	220
308	377
391	542
541	107
12	311
430	134
209	80
269	56
437	380
286	478
142	180
6	439
373	594
575	449
422	496
492	86
429	261
564	26
460	155
139	308
465	544
268	494
484	374
387	131
326	481
174	53
158	173
524	216
13	26
190	38
73	413
106	407
126	588
270	308
520	525
417	273
558	331
309	141
496	174
577	39
97	503
595	454
487	301
410	477
359	22
530	394
158	110
505	58
50	405
358	74
400	224
73	276
358	502
477	364
96	573
538	278
160	25
408	407
70	312
158	484
183	197
552	74
530	326
566	83
110	204
545	122
463	376
152	403
311	92
337	82
9	237
28	206
32	115
281	290
590	154
530	320
426	64
10	250
49	75
229	70
468	110
17	205
226	520
202	441
540	10
420	17
390	19
153	90
422	146
258	595
189	222
18	437
394	477
135	117
310	128
193	424
114	543
357	90
84	222
507	2
185	595
594	342
276	291
526	574
292	441
152	312
484	42
428	487
164	248
296	16
389	528
176	364
370	538
526	195
482	221
318	267
553	556
56	148
518	433
247	247
168	548
382	491
521	89
122	355
333	83
523	519
403	520
476	438
594	539
450	421
487	392
441	470
570	520
9	80
593	273
431	31
204	424
448	480
464	62
305	228
223	477
219	206
180	53
218	162
36	423
220	555
408	357
78	545
175	307
89	486
528	143
204	508
510	201
315	84
156	318
493	301
423	343
324	456
459	241
518	132
86	321
456	434
216	142
185	15
284	506
204	289
288	526
568	536
40	570
2	203
482	374
442	228
178	23
275	345
301	569
539	256
506	317
146	422
500	40
528	292
125	585
383	174
13	284
520	289
536	591
105	585
69	72
452	556
490	377
450	191
165	137
398	99
30	584
351	194
200	23
445	20
118	394
533	593
194	323
439	82
72	484
213	465
210	409
534	209
309	239
192	412
208	445
19	63
236	310
50	492
55	503
69	235
515	571
546	197
291	425
539	0
574	518
72	24
428	525
357	552
549	32
534	396
49	497
494	282
338	41
503	317
478	148
348	214
368	224
547	119
118	232
214	69
77	1
328	218
240	560
101	403
560	269
74	253
45	57
547	135
195	199
307	236
504	194
294	279
433	259
259	443
300	493
133	158
504	376
569	282
433	77
81	576
416	580
39	353
599	152
29	586
546	580
161	75
169	165
255	268
194	259
214	580
491	316
508	32
549	143
501	29
548	34
503	130
379	433
153	348
164	372
33	591
261	43
525	454
94	336
426	128
271	137
240	463
231	425
303	550
71	11
74	222
37	338
473	181
364	343
4	156
240	295
107	27
111	336
508	523
523	409
340	47
84	155
206	368
123	424
489	252
338	263
595	98
6	248
228	589
6	474
245	3
310	391
7	248
524	48
312	484
91	18
441	461
78	109
459	146
204	573
231	14
537	143
468	181
310	58
99	454
95	503
567	21
418	486
1	452
128	518
391	485
467	361
332	327
543	218
139	418
173	468
157	8
290	240
458	195
111	66
476	573
594	265
135	496
57	1
436	130
110	95
101	404
126	312
171	591
324	558
507	508
131	224
71	431
272	197
256	535
542	589
449	269
98	596
255	126
511	204
149	326
204	270
404	459
225	300
72	571
113	534
53	219
321	431
256	262
151	547
66	78
494	319
519	33
453	173
405	35
535	595
568	580
525	159
290	326
583	33
512	22
163	389
551	444
116	587
13	376
571	285
365	11
187	100
34	175
278	120
508	292
85	538
73	177
357	111
378	571
149	107
414	572
516	359
501	147
23	578
530	75
296	423
12	171
506	464
174	106
217	599
41	333
383	445
363	87
536	401
345	588
31	454
96	561
129	273
129	243
391	526
147	298
322	374
195	434
175	95
326	215
138	336
207	546
478	447
307	404
314	18
290	253
208	142
472	57
23	535
417	321
360	332
516	178
293	454
22	259
61	133
423	320
461	367
394	246
297	6
413	227
39	173
513	51
12	575
419	465
184	555
369	560
485	384
120	133
557	297
594	164
337	366
389	243
94	207
182	230
489	37
77	344
323	558
186	186
336	52
493	300
530	580
243	341
250	318
268	121
214	525
82	126
398	61
68	386
129	428
104	413
365	407
303	359
339	330
497	534
112	211
250	285
519	83
413	4
244	194
100	208
36	190
330	8
497	40
423	275
466	523
443	289
326	593
110	60
241	380
67	138
63	246
373	50
13	46
402	433
591	360
588	296
532	39
118	44
237	73
84	377
437	239
91	75
483	528
47	595
362	553
51	275
481	347
371	270
190	432
462	599
278	507
576	444
576	220
91	86
375	341
237	576
590	157
580	450
478	486
94	185
514	276
526	380
380	172
560	78
64	238
46	403
150	393
259	328
293	178
452	324
35	16
527	109
121	584
451	544
475	424
535	129
77	449
431	587
265	294
72	348
398	115
485	184
546	452
346	273
159	108
230	376
292	479
317	130
218	332
419	90
431	466
261	575
392	453
466	18
438	213
599	22
75	340
431	51
207	194
9	273
443	551
3	326
150	140
333	381
469	126
328	435
269	568
486	415
589	547
51	309
407	517
16	350
333	180
120	144
24	477
428	62
531	438
345	500
502	579
313	569
399	241
431	144
226	53
508	141
281	512
214	169
447	290
248	458
359	199
173	379
194	218
70	179
228	85
227	300
128	298
542	282
146	313
75	373
10	111
419	533
569	159
72	26
555	72
43	565
244	146
321	407
336	581
92	364
51	385
350	138
279	588
240	596
27	539
328	238
592	121
25	316
31	349
412	467
550	130
5	284
394	544
288	297
7	203
362	53
98	93
84	564
247	301
322	363
542	347
306	446
97	542
392	341
480	516
335	402
285	558
129	49
212	222
183	580
26	341
36	122
551	365
371	548
317	544
442	404
376	444
150	274
472	379
30	220
577	411
499	576
444	54
556	442
574	335
145	517
206	74
238	160
20	542
503	358
421	243
226	17
427	106
391	325
521	317
436	413
36	99
110	116
342	424
410	497
572	271
106	424
374	461
83	129
511	436
50	448
298	400
511	120
332	489
522	348
49	406
73	300
535	418
283	360
375	262
167	492
338	259
462	440
575	490
576	459
322	298
82	267
577	180
372	124
128	159
513	563
92	307
24	365
301	100
423	25
124	149
311	470
84	158
354	26
197	572
153	417
395	12
66	14
309	163
335	201
257	117
170	549
437	408
100	261
569	44
157	418
192	593
557	219
134	405
249	274
331	505
562	271
372	310
23	291
475	41
346	3
205	249
152	527
185	201
274	174
513	526
217	176
409	574
438	456
172	379
543	139
221	363
126	289
307	253
59	543
238	202
82	303
582	254
63	53
524	106
574	46
431	519
479	95
64	344
470	159
226	580
369	290
64	191
554	355
547	293
356	334
515	10
451	487
346	537
220	370
152	318
308	224
225	586
404	194
163	563
257	414
164	389
218	379
280	58
178	90
599	401
230	467
317	261
81	137
260	165
546	307
252	339
119	280
234	28
523	278
406	3
426	343
182	170
406	265
120	350
386	289
341	429
499	315
137	535
271	200
535	262
165	196
90	196
516	298
46	327
104	319
188	348
591	360
116	261
521	441
301	208
38	107
96	334
137	241
51	187
274	240
377	417
2	184
230	572
271	35
168	538
183	136
26	185
2	404
466	220
360	175
66	476
569	366
556	375
211	275
190	423
166	253
556	297
572	52
21	472
44	157
494	287
229	62
459	568
520	96
220	387
398	30
428	53
136	158
332	540
374	586
70	117
527	291
382	507
319	500
387	573
190	590
259	434
445	197
572	299
28	334
135	21
583	595
350	409
599	565
590	194
324	309
472	171
152	103
346	106
503	371
299	245
587	297
339	55
540	232
240	103
372	4
309	350
280	290
389	243
586	32
109	92
91	206
144	491
463	99
428	491
577	46
209	389
285	522
154	259
324	396
52	408
234	20
467	523
195	78
188	526
52	364
493	279
319	354
561	442
62	517
519	408
528	232
258	393
489	13
12	402
547	501
155	170
531	356
533	463
326	412
432	168
67	252
298	494
90	348
7	404
377	560
561	296
536	575
226	157
306	551
149	574
404	398
418	361
314	431
480	142
157	31
452	67
561	388
192	21
34	89
487	277
214	104
541	565
421	93
388	197
230	570
17	526
164	260
324	241
365	345
94	317
26	445
333	404
522	576
267	585
234	93
93	593
471	513
455	579
44	110
61	4
543	188
60	283
245	11
494	94
462	575
133	343
451	16
183	47
28	396
311	598
422	412
292	588
594	216
91	566
488	159
520	488
90	504
242	395
509	174
212	60
498	459
495	537
460	124
197	368
121	541
528	6
211	305
201	577
177	567
117	347
510	260
194	427
339	74
71	562
568	530
97	526
253	59
425	582
479	398
395	107
247	397
378	423
324	200
463	182
496	244
345	501
120	545
518	51
309	62
319	514
248	42
433	42
323	34
248	411
290	554
238	148
176	50
121	381
61	127
483	309
213	90
291	105
428	345
505	178
22	248
526	154
67	284
337	482
303	220
366	507
432	124
522	7
64	79
522	555
355	264
280	60
282	445
575	114
205	377
342	189
232	572
520	155
28	386
381	260
342	509
105	66
437	567
314	72
389	128
495	61
224	119
395	389
148	361
305	149
32	292
386	209
384	95
514	283
72	144
160	330
28	73
308	477
142	248
99	394
241	281
141	424
458	242
520	541
495	19
557	493
560	423
312	208
89	372
350	550
521	587
311	65
5	404
586	471
246	482
128	459
489	438
312	327
197	483
418	40
423	477
135	182
593	342
525	183
89	311
313	271
45	407
29	213
77	451
577	589
241	186
573	29
393	412
197	271
307	119
29	442
191	357
532	61
399	21
501	1
570	244
151	482
504	200
135	562
535	553
84	202
243	28
240	582
349	565
6	163
242	105
22	111
436	534
126	541
391	207
339	404
337	167
77	220
164	273
584	412
120	482
190	418
337	308
322	576
320	239
88	487
341	302
305	339
290	196
354	291
67	433
427	59
330	164
85	360
119	263
485	391
372	594
365	250
222	541
586	432
407	501
568	128
225	74
313	562
149	211
292	578
50	358
282	345
89	192
444	162
492	53
257	166
199	413
68	229
142	323
481	194
518	235
576	585
337	64
586	551
73	31
521	110
317	547
508	588
577	430
359	239
375	480
89	31
188	391
159	472
582	308
526	2
353	510
414	455
257	397
329	496
41	124
363	124
130	164
60	398
199	522
240	66
485	372
248	52
96	149
514	230
225	402
387	20
292	192
588	372
125	92
314	239
250	511
191	447
116	412
191	285
71	272
173	120
401	572
195	163
511	593
480	227
523	482
476	483
322	383
456	503
594	131
8	26
344	235
146	140
183	592
552	187
581	508
472	108
391	454
374	174
13	161
303	508
168	23
86	477
592	237
212	482
282	156
152	115
303	220
254	118
304	460
324	581
172	546
135	338
300	419
532	146
150	232
482	444
229	558
541	517
562	328
150	281
412	587
509	167
266	526
201	297
121	83
6	391
354	535
301	255
227	146
161	171
405	346
197	72
245	387
300	526
92	83
328	472
377	381
316	18
111	37
157	130
25	66
19	597
121	149
429	239
528	245
410	198
95	460
20	339
332	265
167	278
553	363
384	221
279	134
504	248
504	293
336	364
401	221
238	179
230	250
365	508
255	432
523	444
40	512
299	457
495	173
555	503
310	10
25	97
433	546
470	189
73	211
404	516
559	199
540	12
564	513
200	149
397	377
551	148
180	108
270	399
9	515
100	590
543	109
198	122
259	268
177	213
448	594
207	509
318	581
104	406
505	270
25	371
37	234
434	225
110	467
394	432
134	134
133	551
560	145
461	19
594	225
486	323
415	485
515	299
378	3
295	588
503	45
198	268
459	512
266	207
404	17
121	89
282	459
515	238
597	25
57	409
56	300
337	461
355	354
78	563
559	28
12	481
99	131
18	155
139	590
168	425
312	514
232	341
450	438
513	431
497	113
350	503
532	163
453	382
528	141
147	545
106	325
452	418
496	562
545	525
130	105
58	533
454	218
563	201
41	378
292	14
401	69
583	49
335	503
342	233
346	56
253	543
478	594
83	228
228	104
14	277
451	293
12	293
380	581
438	231
435	468
351	70
41	249
306	364
567	199
225	459
357	160
370	467
544	518
500	225
385	496
447	384
170	397
81	518
468	176
309	382
117	256
231	37
501	258
466	179
455	13
498	561
244	458
461	441
218	342
283	486
580	342
255	545
268	534
118	436
156	438
533	71
169	153
7	110
200	123
347	323
403	502
500	117
556	241
170	204
106	446
293	183
25	54
338	428
564	388
367	196
438	202
464	217
573	196
100	548
272	111
521	255
7	461
91	36
593	65
556	528
171	73
254	248
100	116
588	478
342	426
599	440
30	194
51	101
165	540
585	164
167	420
112	292
136	583
389	186
414	326
153	34
578	316
33	245
328	293
321	546
278	237
450	148
522	530
563	177
411	167
19	539
322	517
260	548
577	352
171	338
377	524
540	61
114	315
75	121
43	76
373	13
433	416
453	574
92	100
594	24
229	398
445	211
572	447
345	150
55	500
531	370
276	256
569	389
319	153
399	82
119	221
476	386
226	417
171	33
489	189
110	583
535	448
436	273
107	276
579	171
356	358
209	277
116	212
28	15
349	155
122	410
488	563
346	349
437	425
281	193
5	410
585	593
331	319
564	17
201	186
190	498
22	394
120	318
445	110
289	95
49	156
343	495
164	285
291	323
95	527
595	465
516	318
257	371
527	0
192	447
547	227
422	452
568	230
101	291
258	265
348	415
566	57
3	139
13	60
300	239
267	5
396	151
169	13
576	368
342	239
269	142
268	125
296	215
303	76
212	462
329	345
505	502
472	454
297	323
40	189
487	126
77	32
17	477
489	107
508	284
596	127
414	228
18	363
222	486
574	177
7	517
44	282
132	493
203	207
430	211
489	173
521	299
241	292
357	344
328	76
87	20
334	221
231	308
71	393
181	246
273	472
365	162
168	408
537	162
292	479
102	536
44	183
366	162
588	148
564	572
282	285
119	515
79	540
357	297
496	596
145	26
516	430
24	562
480	440
93	496
94	419
100	211
125	591
395	280
505	285
404	93
555	592
295	77
83	449
572	73
529	302
175	567
476	303
228	313
562	396
50	276
365	406
28	507
487	81
26	488
116	450
182	151
286	91
90	367
550	176
423	462
166	29
113	320
492	462
550	3
280	162
237	265
438	149
75	187
279	361
472	495
290	280
216	302
32	353
486	5
597	36
283	565
362	164
548	153
40	152
306	220
111	197
394	244
132	292
333	135
225	27
178	16
310	547
502	558
557	582
478	482
555	490
283	162
50	263
517	119
228	529
339	31
211	265
61	368
283	174
245	378
544	220
298	280
300	23
380	235
369	270
534	10
548	398
244	41
266	514
134	581
133	556
365	378
375	475
91	145
248	97
15	202
434	215
581	145
256	151
204	112
327	189
17	65
157	164
562	422
542	393
116	440
582	398
285	424
304	149
206	108
373	190
136	217
233	135
96	482
63	120
261	531
500	568
109	12
521	575
488	549
506	296
332	355
187	210
239	124
443	189
299	356
40	300
84	157
458	242
45	548
444	77
169	190
76	186
213	391
476	99
186	82
553	572
328	458
289	182
246	515
434	469
567	182
197	357
390	240
272	324
282	198
283	163
252	262
179	143
93	469
570	390
181	1
216	464
54	338
331	132
287	346
57	91
332	213
422	381
51	455
417	527
577	577
425	550
403	40
309	275
233	10
368	170
4	509
219	104
153	334
533	336
213	547
54	154
368	406
513	418
502	62
279	456
472	99
512	361
530	190
557	322
269	419
345	292
12	460
470	184
52	267
499	487
245	147
115	239
589	347
257	134
564	265
375	388
322	519
134	121
324	117
160	592
117	475
401	439
1	520
84	516
429	284
178	413
306	62
341	452
257	355
186	533
432	508
525	358
58	26
583	250
261	217
338	593
493	78
29	136
366	454
10	368
543	341
333	134
153	440
320	351
150	575
361	509
223	482
477	274
574	535
341	295
162	389
551	202
505	465
144	275
88	210
277	89
493	331
56	189
469	524
367	218
50	309
169	368
52	65
34	340
313	155
6	45
39	591
202	350
77	223
574	363
258	24
190	162
309	417
512	575
371	184
0	355
488	465
294	346
4	163
185	376
198	145
189	32
55	250
360	537
229	301
163	101
456	4
12	350
314	508
528	392
183	47
365	493
403	230
117	97
395	542
278	67
523	357
183	172
271	529
21	87
373	302
372	45
552	162
177	475
544	183
428	67
452	404
491	116
233	440
425	111
84	212
397	31
67	172
223	444
98	386
253	12
394	486
404	582
83	358
402	221
218	222
400	53
198	381
270	213
589	564
358	520
523	243
242	370
522	97
313	348
189	87
460	572
238	186
175	285
320	92
371	222
134	14
257	153
10	356
481	258
266	229
408	34
197	341
456	567
52	72
1	114
147	573
189	44
54	541
458	61
8	528
328	347
495	538
498	412
212	166
369	257
422	303
68	543
302	503
500	138
309	510
444	183
57	121
469	231
590	116
375	500
130	381
333	313
425	375
191	50
279	207
58	517
500	143
21	179
33	533
90	367
41	551
349	386
546	317
320	193
83	42
308	108
72	312
125	467
512	224
69	294
31	155
312	497
80	224
575	171
546	283
510	354
44	278
0	549
459	70
410	566
303	228
557	193
382	438
469	69
288	58
142	110
66	446
391	532
446	551
462	67
119	20
203	296
250	255
401	549
511	376
519	442
56	149
428	232
9	385
33	211
437	399
528	435
425	132
242	7
153	599
7	407
257	190
150	564
343	342
509	46
379	598
322	537
480	425
55	149
364	558
204	401
395	558
599	268
562	329
150	95
583	477
69	154
342	84
187	137
471	224
527	547
131	478
208	184
348	541
506	364
420	465
4	99
574	408
182	587
161	257
519	385
483	228
165	25
362	41
150	333
6	185
355	585
18	459
573	505
273	268
127	0
429	198
27	230
122	476
104	189
137	359
105	592
393	104
489	183
105	451
339	308
352	60
542	44
268	360
261	362
505	66
316	334
586	425
478	125
467	99
108	317
135	169
384	103
285	326
599	442
565	100
205	344
337	381
227	103
454	51
59	526
346	284
588	481
311	134
537	508
445	27
139	392
231	65
279	332
499	153
170	452
429	161
585	102
125	248
510	255
44	470
108	337
102	494
363	335
314	233
319	7
109	567
443	138
523	52
211	595
367	565
15	169
163	430
219	35
336	250
51	159
17	406
212	583
251	130
6	577
532	269
221	106
69	276
127	214
402	302
520	230
30	47
257	518
27	103
495	186
359	351
191	292
514	575
311	205
292	303
32	374
123	592
207	417
522	157
443	537
102	412
42	523
434	555
20	207
466	304
360	503
204	34
461	170
290	37
192	589
372	222
565	160
499	524
473	161
152	455
236	167
307	464
28	444
136	76
508	503
339	349
371	126
212	407
305	373
70	292
341	29
145	493
513	164
375	350
359	100
388	285
549	323
566	414
211	455
316	150
494	516
499	522
260	235
204	123
256	592
153	488
512	112
38	176
489	245
124	307
396	136
304	579
410	322
427	292
3	335
474	437
76	327
222	219
527	394
14	1
108	280
552	269
334	42
567	209
568	592
429	173
390	520
154	166
15	240
421	245
56	104
311	198
125	495
551	307
160	336
495	61
548	368
558	399
202	39
71	159
570	161
255	529
95	400
236	353
201	96
16	125
494	438
5	165
282	230
66	280
322	40
540	132
137	245
216	489
394	156
68	323
332	292
597	19
211	117
491	209
355	575
281	367
520	422
81	237
249	473
29	92
34	269
71	497
497	147
49	345
120	83
89	563
369	588
20	215
104	305
588	489
522	201
556	337
427	90
0	506
477	83
265	148
300	597
262	265
455	150
374	433
161	378
450	539
109	285
424	592
568	18
25	517
496	9
188	453
139	416
268	360
58	417
300	389
44	76
11	455
575	49
67	431
329	124
131	573
76	197
332	572
408	442
352	50
155	268
526	0
324	179
506	68
253	335
290	313
598	548
308	24
117	368
587	101
507	5
104	88
195	278
564	398
52	479
420	363
294	453
429	126
265	479
327	194
472	88
574	157
213	282
299	22
30	161
186	336
437	329
117	373
37	108
101	393
296	548
272	453
126	418
334	499
559	592
37	429
362	49
397	253
566	107
438	304
5	94
77	596
569	508
574	370
302	437
251	258
183	317
474	467
213	508
84	363
26	163
2	129
268	38
354	196
181	594
400	344
430	180
144	45
156	131
519	283
179	459
129	94
343	31
548	313
241	298
516	578
54	290
465	147
116	74
34	296
461	243
268	514
206	574
406	591
218	352
428	427
199	194
483	55
34	164
188	532
30	190
218	356
135	195
589	326
373	178
257	284
220	538
448	130
200	81
220	525
206	321
337	534
62	544
487	186
356	106
5	391
38	149
384	525
152	393
324	198
75	162
506	451
20	299
431	149
520	337
149	21
125	417
194	537
364	311
222	459
531	444
395	111
567	459
549	392
358	184
48	328
274	5
89	195
458	67
557	278
531	185
413	266
155	196
491	399
494	195
30	302
377	198
569	311
340	203
107	187
197	164
487	423
367	304
411	598
490	44
21	450
523	118
2	15
396	478
112	436
263	50
107	55
172	292
581	267
281	218
422	200
217	41
276	288
485	55
379	369
167	484
525	204
302	348
365	185
100	36
278	581
91	558
312	425
349	394
122	368
139	371
131	45
429	524
498	334
513	325
142	553
279	14
480	73
0	414
37	45
22	504
239	133
207	371
378	250
387	405
108	457
485	571
454	140
271	223
95	549
429	335
592	8
372	174
130	92
19	265
363	309
23	16
584	513
29	343
221	508
241	175
399	187
275	486
586	290
137	168
366	474
111	401
540	267
451	280
567	105
69	65
326	302
283	519
525	244
507	579
363	461
338	46
55	369
386	200
324	387
240	434
163	361
130	118
439	102
247	152
395	445
401	577
424	588
310	113
171	283
573	70
211	223
347	549
160	352
493	492
31	275
127	145
570	364
43	475
12	68
118	123
522	163
404	502
29	83
324	274
356	193
581	530
175	159
304	504
206	434
48	286
391	438
180	82
375	321
429	43
48	363
466	364
168	272
497	244
482	399
224	598
366	506
249	508
267	490
140	596
373	286
543	572
434	376
561	7
182	36
580	499
422	6
144	326
361	47
532	206
138	299
583	178
435	523
509	272
228	130
149	331
433	493
407	568
473	372
411	158
251	320
436	535
67	488
516	567
321	348
545	537
2	597
541	8
113	167
563	137
526	220
133	586
102	350
211	175
347	456
285	305
50	241
114	379
82	447
369	379
52	292
517	512
486	319
597	254
266	362
417	316
156	284
593	134
48	26
447	444
81	38
429	374
119	420
433	130
352	445
173	556
478	234
122	88
433	543
469	471
596	225
338	12
194	213
261	402
171	311
159	92
554	108
453	472
246	28
293	281
168	543
490	527
60	115
350	557
472	471
351	335
505	368
66	254
405	101
52	226
68	240
352	499
376	284
106	411
267	6
98	419
247	569
141	409
520	370
373	195
46	372
392	203
463	329
150	494
153	79
228	570
77	314
413	28
527	395
432	396
218	413
21	510
80	519
105	173
471	187
106	13
551	51
156	149
368	362
313	512
377	470
575	47
275	32
99	332
68	517
475	85
111	501
425	355
344	477
100	599
69	195
33	0
273	246
414	499
522	447
159	455
210	400
297	11
274	311
284	7
194	566
86	212
14	331
274	193
435	207
24	243
127	341
142	143
573	498
380	247
56	59
364	80
551	599
368	292
31	154
486	256
262	466
159	420
563	594
141	66
44	145
330	165
319	94
237	32
514	354
448	311
445	258
557	574
261	184
183	357
468	421
340	596
276	573
24	217
115	343
573	331
503	351
230	1
330	393
91	220
97	84
447	302
487	265
517	494
343	279
305	258
598	93
459	7
183	67
325	535
336	269
382	135
337	132
472	388
157	331
411	394
593	139
252	25
81	507
176	116
82	56
299	415
66	85
437	500
27	151
100	378
79	496
517	547
182	430
475	513
386	463
546	412
116	514
293	418
255	285
291	251
553	223
576	536
274	162
48	264
326	31
447	447
572	365
92	339
385	439
476	491
151	313
562	591
150	519
572	94
245	314
465	152
313	480
374	561
204	191
376	271
89	277
587	424
252	175
345	226
503	180
263	464
246	110
457	70
236	484
142	98
127	358
286	407
118	263
423	599
306	456
87	132
474	135
76	531
481	435
128	261
187	514
560	356
365	209
243	334
529	287
391	449
400	462
214	372
171	327
96	589
178	562
155	508
573	167
254	235
129	172
43	488
169	595
466	265
318	446
554	339
434	410
482	191
278	269
246	162
156	150
509	263
278	328
463	594
29	394
284	196
302	174
32	46
127	228
51	324
359	386
212	353
123	314
293	8
20	536
169	221
54	222
586	465
76	503
104	596
423	356
108	498
302	414
114	389
406	569
237	130
91	592
68	467
7	11
322	24
70	474
243	547
365	477
139	487
319	354
113	412
190	129
8	25
443	455
557	342
573	309
436	246
181	101
478	165
202	473
598	564
352	168
473	590
492	189
211	157
98	517
110	246
479	125
453	526
91	22
222	336
366	374
246	468
515	460
119	197
201	568
92	22
358	532
510	122
487	467
239	32
51	389
3	351
158	124
310	172
344	278
120	229
541	495
333	224
48	218
546	517
336	564
490	268
597	365
302	429
475	419
499	219
221	421
172	539
573	505
360	495
160	443
495	201
351	139
127	38
199	490
227	249
346	424
122	425
135	452
501	249
420	561
114	321
484	514
446	566
547	458
512	275
374	586
496	233
575	136
302	163
102	64
462	191
588	58
489	481
553	487
40	306
261	545
226	88
475	495
516	99
450	186
448	324
37	598
134	265
442	536
230	297
328	97
568	441
201	68
219	25
31	562
106	150
579	383
109	124
32	112
307	199
366	92
124	534
123	340
101	189
36	376
205	550
481	576
148	43
566	508
492	203
469	576
239	159
49	583
488	551
190	514
309	221
452	325
18	502
595	87
233	312
152	485
197	405
221	297
151	587
566	172
367	212
520	565
124	417
564	196
518	446
81	88
592	26
256	378
348	150
232	12
215	519
50	33
331	130
440	193
579	163
494	313
473	529
514	326
59	513
103	524
581	62
205	127
208	106
13	205
119	436
192	406
482	190
183	25
291	481
525	180
262	247
57	431
590	189
296	190
362	195
407	457
87	138
542	570
239	297
384	163
183	515
550	273
526	376
483	449
441	358
290	413
579	125
84	98
506	316
55	433
565	315
104	465
145	134
136	70
91	114
316	104
264	303
190	138
48	530
89	596
288	390
466	344
319	55
483	390
312	378
409	428
86	508
157	342
599	358
479	366
167	154
261	183
213	188
540	516
442	448
206	104
358	500
417	409
228	465
137	367
582	564
595	91
339	331
42	517
165	78
103	6
191	484
209	478
563	423
420	131
554	93
373	472
245	523
92	253
224	184
506	8
158	28
562	56
384	28
204	162
294	106
340	219
256	37
521	40
30	562
266	284
108	318
347	183
393	561
325	80
191	72
35	495
309	192
392	17
95	450
598	409
487	127
178	24
349	257
140	320
258	283
362	27
402	550
571	571
304	202
265	53
451	517
392	247
430	491
523	90
342	314
301	134
84	64
173	1
514	435
51	260
394	205
128	346
234	458
434	22
212	560
228	72
434	586
268	307
359	520
109	70
472	55
117	381
153	305
137	99
364	16
5	294
588	596
192	255
399	510
267	277
90	496
226	389
335	212
331	128
338	246
348	585
49	518
497	361
497	198
419	201
277	468
452	260
442	60
406	166
46	406
411	140
382	135
343	305
543	407
58	259
540	454
402	48
326	403
102	296
282	203
389	72
235	594
196	136
353	33
294	90
122	85
270	407
452	96
512	560
316	14
589	438
353	13
269	78
338	194
535	381
166	284
300	427
362	559
594	23
556	304
140	391
183	576
22	514
567	495
583	493
412	366
103	374
260	536
264	440
393	478
569	179
90	494
492	527
28	135
329	413
97	28
124	378
121	218
178	465
357	456
545	308
515	98
333	151
99	42
390	401
351	523
223	167
497	131
554	431
183	37
94	142
314	280
491	254
77	472
548	352
592	335
330	114
323	375
26	253
88	319
325	549
161	183
566	389
593	585
160	47
143	566
325	494
100	314
51	296
53	150
296	339
181	144
223	194
146	441
459	475
103	555
48	193
426	356
249	458
388	171
235	132
190	46
361	320
475	230
89	195
328	327
204	117
319	32
362	520
531	515
547	47
134	90
323	552
550	327
157	184
591	141
312	577
154	352
551	378
82	62
41	283
463	209
185	524
228	106
537	9
370	459
55	548
400	312
538	247
82	363
117	332
118	475
369	11
46	513
234	583
151	343
232	509
152	581
357	138
294	385
438	40
500	50
59	333
280	362
32	321
321	93
206	73
12	122
444	589
358	85
574	106
228	254
376	108
134	546
580	292
426	539
535	234
244	335
41	96
299	130
347	154
127	345
259	5
439	508
291	171
495	487
456	16
278	126
198	77
181	242
9	262
35	220
14	250
326	308
568	55
557	526
54	39
416	346
193	107
169	135
460	226
291	500
292	254
8	275
367	571
306	73
529	101
391	590
313	29
527	94
266	463
129	169
357	163
369	109
332	390
47	366
521	349
129	80
197	246
504	273
181	522
543	453
31	235
56	558
42	158
394	456
3	340
573	319
276	11
53	326
575	356
12	189
512	153
242	262
408	461
336	220
342	7
299	48
336	428
539	97
55	145
163	503
464	146
27	173
199	546
200	369
446	167
390	416
524	249
260	27
40	399
189	200
564	461
31	71
511	126
436	314
115	499
470	63
277	509
32	349
130	44
495	281
566	364
479	124
112	313
194	546
74	168
307	370
85	161
145	493
73	204
527	413
553	167
224	563
533	545
47	389
33	198
581	170
411	360
172	355
162	430
416	208
234	11
413	204
539	398
108	255
185	394
263	470
191	393
140	448
365	306
486	343
336	35
54	386
40	517
321	91
301	51
275	1
51	358
233	364
500	113
548	73
300	83
433	473
416	582
6	554
216	579
439	433
331	568
350	186
370	592
233	471
181	173
101	89
257	68
209	469
3	188
157	574
494	229
585	51
360	370
474	468
202	450
71	143
583	336
50	553
68	357
210	515
469	255
269	251
377	168
362	51
283	278
540	467
194	490
539	294
218	55
445	379
297	505
522	427
126	584
437	465
75	135
422	27
587	237
12	452
390	576
192	547
146	16
156	275
140	335
571	336
404	499
298	547
230	286
548	170
533	299
379	127
258	588
466	283
66	404
384	79
149	358
526	39
243	257
162	380
201	520
572	116
177	322
597	391
168	307
440	593
216	13
593	87
302	31
265	400
254	95
308	417
362	231
561	133
194	434
504	8
29	322
35	446
525	183
19	476
169	453
491	514
148	331
353	308
218	267
369	588
43	123
548	326
24	551
197	72
210	361
196	91
595	111
156	474
340	182
71	574
149	48
217	419
107	8
529	411
291	278
156	245
485	475
164	514
388	234
318	236
545	409
466	266
439	35
331	36
586	372
77	376
393	216
278	167
162	160
301	136
356	570
367	462
184	420
401	376
161	276
8	501
538	447
268	337
143	420
203	321
523	180
441	31
16	385
277	522
126	40
223	230
250	124
542	547
384	65
526	405
595	505
30	567
249	438
432	148
100	589
553	108
163	283
504	327
223	559
292	521
225	363
365	434
441	464
221	208
273	406
8	84
8	477
326	590
426	147
513	294
92	114
513	272
78	60
101	299
362	382
533	494
480	526
483	207
4	171
351	170
495	32
273	194
193	492
377	391
73	377
435	68
531	470
95	123
512	579
436	344
532	345
333	295
112	60
587	363
407	407
473	35
454	162
231	3
373	281
302	269
546	92
595	522
372	326
455	449
365	229
546	1
241	414
127	487
123	538
427	463
535	0
351	481
2	304
101	26
213	154
296	540
49	369
188	483
492	239
428	92
201	469
66	436
158	231
257	410
479	211
334	298
48	588
29	167
71	487
272	316
568	593
474	240
450	171
106	28
439	379
339	297
577	488
512	347
511	202
197	580
471	43
72	470
309	6
342	65
50	458
563	365
208	595
145	381
217	158
65	544
47	119
240	221
191	569
160	218
287	97
344	121
54	287
150	504
203	297
448	331
149	374
162	496
577	84
41	231
314	119
198	236
411	599
519	171
448	220
327	558
595	233
190	102
34	50
491	371
173	579
357	394
349	582
225	322
464	33
278	467
249	194
372	140
197	7
539	463
200	214
96	427
294	342
130	333
229	153
515	485
407	502
594	8
70	455
133	71
464	204
283	523
467	457
519	531
297	75
497	205
108	339
423	589
53	140
553	212
77	575
178	207
127	80
362	51
485	84
385	306
430	537
181	421
18	307
308	319
268	303
565	593
262	501
513	167
291	447
47	262
5	200
269	336
78	531
363	246
316	441
433	544
358	494
464	60
475	401
566	249
186	398
147	335
499	154
73	430
573	523
224	47
25	49
375	250
139	452
543	125
256	179
401	29
155	542
472	420
138	1
97	168
62	438
567	244
56	78
155	109
150	379
120	11
468	53
492	522
224	583
595	524
230	389
414	444
554	389
537	226
28	279
42	438
268	593
484	451
471	60
315	105
555	13
194	38
332	169
513	259
337	48
227	15
40	84
539	234
190	350
414	40
419	453
587	104
66	381
183	543
246	160
462	494
383	283
188	61
268	392
457	50
499	283
234	354
332	219
140	419
307	599
156	212
556	114
138	481
297	436
428	374
23	207
119	47
591	235
432	571
224	142
320	491
305	540
246	250
564	214
518	218
247	218
87	432
228	71
403	126
95	43
511	84
192	188
330	266
326	575
579	27
204	72
482	521
560	270
473	170
94	514
84	156
19	324
115	122
149	274
264	387
176	502
299	403
259	363
188	520
65	268
560	531
244	385
76	529
300	559
32	518
300	210
586	189
477	145
483	181
117	127
415	283
367	401
550	128
350	225
383	360
500	294
148	479
36	70
361	31
480	369
366	282
596	251
364	160
553	373
332	182
230	521
515	379
401	120
242	408
315	385
497	476
514	49
60	97
312	258
309	366
16	34
49	506
113	408
351	18
163	324
490	159
462	492
224	159
313	39
44	158
120	248
206	240
471	169
338	254
356	489
549	499
225	260
123	314
574	29
270	86
445	506
17	493
463	228
355	466
76	386
255	550
96	81
224	338
497	18
322	595
52	448
572	362
231	4
81	407
513	247
213	266
510	363
477	365
15	334
551	49
38	189
161	460
318	401
533	124
441	112
386	363
4	170
246	94
109	430
535	387
245	185
321	55
96	371
529	426
456	78
128	456
530	99
36	556
208	211
360	147
581	470
476	82
376	12
95	556
256	38
368	236
549	560
437	12
23	405
442	488
16	135
99	234
300	146
197	435
41	419
22	506
273	594
157	588
20	577
524	176
339	104
338	309
175	79
21	507
496	167
564	515
178	237
163	196
401	196
448	507
389	438
114	262
296	598
569	21
180	237
368	37
435	168
135	266
78	146
397	249
518	323
75	192
25	117
68	530
404	542
88	370
328	271
408	131
407	464
331	249
453	181
39	112
235	482
476	544
590	150
386	233
566	415
147	57
595	74
450	471
530	460
370	291
566	339
196	140
81	66
465	229
361	269
150	589
336	321
493	457
27	558
231	505
124	373
535	492
203	224
138	376
95	282
43	274
290	437
347	310
571	465
109	180
365	367
319	239
213	195
437	483
273	119
176	466
587	498
580	283
317	324
383	209
174	140
356	171
242	281
456	349
176	561
204	394
334	89
520	587
223	410
145	529
252	388
114	443
72	458
30	308
68	282
365	325
84	134
20	562
249	284
255	28
61	214
122	371
470	407
309	205
329	211
581	583
432	122
399	334
22	449
528	250
502	580
409	161
476	172
6	4
547	169
132	72
534	412
418	387
322	172
33	168
416	59
373	209
161	268
326	368
562	259
432	234
214	352
485	544
563	506
493	36
44	324
28	308
190	343
65	326
23	372
135	97
432	420
165	459
35	38
472	68
319	164
384	518
232	122
431	184
444	579
286	85
192	538
74	318
89	411
76	305
455	332
78	243
148	27
496	433
554	501
211	103
345	119
565	4
328	517
435	538
460	453
301	173
444	63
498	264
372	211
340	70
232	95
71	515
576	220
483	456
202	596
537	93
262	226
115	166
434	133
51	381
454	226
341	152
450	278
561	374
59	197
216	315
228	10
112	5
385	171
58	419
471	279
113	65
504	255
309	434
234	559
533	19
575	472
484	144
223	75
274	437
113	163
394	35
561	456
380	341
467	60
425	62
109	579
412	208
147	36
24	11
444	326
492	425
306	81
92	90
375	547
241	553
10	411
72	458
425	197
199	462
73	234
92	133
408	435
264	174
460	515
457	78
596	415
525	458
156	546
266	179
462	33
186	414
276	327
252	548
474	406
206	205
439	219
142	148
317	156
424	238
454	113
17	541
246	357
11	172
88	495
257	174
16	129
194	375
56	204
378	486
358	190
468	109
331	385
388	255
542	145
144	541
526	362
391	125
431	140
290	384
27	508
463	295
538	112
348	353
68	438
336	34
467	297
533	395
270	370
522	219
336	311
533	55
512	298
78	299
457	433
550	501
129	301
334	538
14	169
332	327
100	521
312	126
212	292
269	155
207	424
444	354
312	289
546	167
599	13
25	42
33	535
404	501
21	166
35	203
49	537
471	14
459	409
503	533
429	427
169	17
295	376
189	122
336	595
43	50
71	79
517	454
395	466
118	509
67	410
450	246
80	51
287	434
238	274
89	547
257	401
564	512
269	310
586	286
421	394
252	348
229	36
445	451
115	79
235	112
232	231
230	504
493	515
451	367
488	247
354	324
454	130
410	445
538	590
447	474
540	393
106	32
13	527
127	109
294	546
36	323
184	87
509	444
430	14
292	184
494	150
373	309
375	274
360	435
373	44
512	98
511	165
288	547
538	326
277	433
110	38
271	122
142	472
401	373
349	255
512	242
444	529
448	576
480	102
209	423
456	364
512	243
252	489
403	369
248	291
101	385
392	263
567	376
463	372
423	489
24	3
194	128
445	478
149	331
437	594
161	53
575	202
237	343
421	201
461	533
573	524
560	587
337	514
40	586
582	176
379	276
241	285
270	271
253	95
472	89
570	185
372	256
391	282
273	596
184	554
268	356
290	355
309	322
115	458
255	132
23	176
384	296
38	410
552	227
225	593
47	438
314	15
591	581
587	359
297	109
583	103
395	66
78	365
439	114
172	539
574	474
384	16
67	282
497	333
45	255
44	464
244	70
123	96
333	408
544	247
248	470
352	5
455	554
82	414
49	471
54	282
276	351
522	236
424	527
376	498
384	176
332	585
4	549
376	145
122	316
554	444
84	467
70	111
98	217
45	26
0	342
391	450
186	151
428	0
131	106
382	126
454	378
306	189
307	256
390	438
43	182
452	27
183	281
180	505
274	562
248	501
248	529
57	360
494	128
504	232
552	415
6	420
89	40
548	235
13	193
575	274
307	34
539	536
374	570
160	544
11	587
506	587
548	38
26	143
275	372
258	248
234	594
134	392
47	16
366	254
46	302
104	313
414	243
178	232
421	276
317	439
447	86
493	247
82	312
500	275
101	535
279	515
591	391
313	519
259	235
235	242
145	122
373	576
392	6
422	349
472	426
62	203
260	383
597	23
28	563
517	241
120	279
10	175
233	339
66	445
522	304
384	402
363	97
370	58
278	23
322	171
570	16
225	511
565	339
127	126
599	395
592	68
137	598
56	398
348	264
247	68
294	289
472	236
136	303
595	267
227	73
162	296
232	522
449	599
326	78
87	279
150	52
201	9
259	480
101	397
246	100
443	555
46	82
112	98
379	561
476	424
211	273
284	215
374	500
218	376
4	388
352	183
583	579
315	131
211	194
588	16
377	434
562	347
219	513
363	73
82	265
594	428
99	187
225	204
424	371
16	518
378	56
214	83
156	298
396	103
267	112
81	331
82	478
544	498
378	191
46	349
471	493
55	292
269	378
104	570
473	433
567	467
428	318
590	469
434	103
71	544
33	62
377	138
61	100
481	555
32	483
124	435
303	304
64	139
216	203
467	551
166	564
227	277
55	540
36	210
21	157
152	266
553	399
552	233
374	576
313	515
585	335
322	437
550	198
410	230
181	297
390	421
372	159
424	560
526	260
163	438
505	176
187	90
333	280
353	396
208	535
204	469
111	224
355	583
103	59
135	432
370	458
382	113
388	190
314	71
333	379
192	404
81	556
563	539
459	93
537	111
480	92
14	486
376	554
244	551
175	491
68	277
113	560
486	135
365	317
149	262
424	444
342	50
378	126
486	361
54	345
547	533
506	34
571	481
463	376
193	344
314	499
166	186
297	183
363	11
569	265
541	98
84	188
338	579
72	168
503	289
586	449
380	452
154	199
439	258
144	63
149	462
12	277
279	186
91	12
337	409
78	348
302	14
412	271
239	554
503	496
18	462
236	272
247	198
204	54
174	166
416	555
172	540
41	311
357	321
405	347
387	245
429	372
68	30
164	360
418	61
523	305
451	301
79	595
537	153
163	172
588	344
33	351
507	320
172	260
178	68
130	296
214	475
485	468
507	199
128	269
302	214
407	575
462	481
7	310
253	575
476	91
245	13
98	88
494	140
19	216
132	119
366	262
285	567
409	368
559	317
397	39
384	459
128	62
303	471
8	141
56	421
531	241
414	232
44	345
576	453
480	96
22	172
286	378
564	356
452	204
565	418
214	29
323	254
466	75
75	114
79	459
246	503
380	497
457	62
445	503
318	575
383	446
155	218
125	535
408	480
115	405
311	580
240	145
92	244
464	88
588	22
591	261
385	337
490	191
123	1
192	78
363	54
502	296
233	402
367	146
13	349
194	301
482	471
269	31
399	473
128	267
167	120
508	502
472	167
515	471
280	8
265	90
300	62
7	16
499	586
256	559
422	144
181	202
331	542
387	437
191	585
476	551
384	35
51	27
285	229
145	389
493	12
20	334
404	331
591	132
444	62
301	313
432	310
535	167
276	117
469	317
520	216
65	504
283	68
583	264
244	166
432	413
300	211
62	263
264	537
546	383
394	384
401	190
102	201
597	343
50	497
264	251
455	209
187	282
413	30
348	529
306	448
494	412
443	401
242	240
515	436
436	133
376	15
24	143
173	406
547	513
466	277
222	85
120	554
325	521
304	317
543	65
195	413
77	92
212	33
229	94
114	207
96	547
258	100
151	451
497	449
389	486
126	158
14	292
86	462
597	425
345	566
386	68
178	579
371	395
485	31
377	237
424	440
171	307
563	141
25	76
452	230
335	27
356	7
145	183
421	384
445	383
493	436
547	240
348	124
226	116
208	464
596	105
578	169
170	531
273	454
410	199
245	592
468	517
374	12
500	504
171	29
266	198
310	564
54	367
420	293
550	292
371	327
322	445
68	127
166	206
143	473
558	375
270	77
193	383
402	442
188	236
313	90
591	522
321	409
173	534
255	162
397	421
40	136
149	525
201	175
374	408
49	301
50	249
579	152
338	141
346	340
76	567
270	345
2	319
323	119
454	424
88	431
305	588
461	240
459	103
189	555
156	37
115	483
465	41
361	484
323	43
420	439
161	316
531	111
549	137
310	283
204	42
36	184
279	78
292	530
103	157
253	376
309	1
169	553
199	258
556	582
279	525
195	142
574	264
143	528
157	44
376	152
532	560
470	225
387	294
499	467
445	524
309	514
445	97
559	539
305	17
95	331
59	335
434	589
303	231
451	376
478	229
11	147
8	69
547	414
545	408
69	462
546	311
560	164
32	447
121	524
226	234
183	501
171	46
471	33
376	548
6	250
236	319
85	247
166	238
566	354
460	232
453	536
409	51
98	172
81	401
307	64
110	88
399	49
267	492
197	197
453	132
194	452
426	413
273	552
145	463
44	19
313	202
529	412
134	492
281	197
470	514
338	116
401	344
275	91
199	311
207	150
195	418
347	177
381	485
10	27
534	339
401	411
108	395
524	342
157	229
278	402
73	502
296	83
88	462
377	359
490	194
67	311
245	475
54	252
169	83
158	20
520	535
568	552
49	213
66	331
563	11
407	313
359	385
234	233
254	493
322	1
161	241
60	116
24	483
495	491
250	417
528	421
571	414
317	516
395	126
255	126
491	402
216	556
435	392
164	187
495	434
477	396
424	185
566	274
390	302
321	8
451	196
379	436
123	270
541	260
336	313
206	260
194	405
276	120
43	309
426	556
104	409
395	422
291	508
293	373
573	303
512	104
570	545
573	453
261	17
580	404
394	490
309	568
250	1
200	514
337	38
273	265
531	5
315	578
37	192
13	87
361	579
529	303
537	563
393	475
452	531
29	496
254	349
263	150
537	106
592	404
530	6
451	477
255	99
454	267
596	544
458	374
12	221
544	121
100	422
187	546
420	2
596	228
367	326
272	251
346	67
311	331
577	73
485	149
269	414
323	198
226	216
216	30
284	442
264	74
81	214
207	487
274	183
255	100
179	378
124	554
162	201
9	571
308	347
308	91
451	404
180	416
51	404
307	386
524	294
134	470
202	519
33	133
368	17
431	68
380	204
535	280
531	416
11	375
453	96
106	502
531	430
349	371
253	528
439	54
416	180
533	209
317	446
549	232
484	530
138	143
439	351
61	536
403	171
384	197
41	477
549	215
132	587
395	420
218	352
40	415
173	185
250	191
132	117
479	285
434	479
556	347
56	241
130	158
110	279
261	32
100	493
191	61
551	165
138	559
176	529
450	472
254	441
296	483
35	490
403	0
580	212
544	330
586	565
555	23
398	575
78	147
306	475
398	553
322	513
141	584
57	46
297	277
135	136
316	531
440	480
173	195
192	404
3	178
155	496
346	598
529	304
78	476
350	205
308	585
464	538
192	282
569	226
25	179
125	489
561	233
405	211
353	413
401	460
433	69
277	180
124	192
466	166
42	237
253	351
167	488
213	502
152	579
422	300
574	198
194	16
372	426
575	167
411	231
260	591
220	208
565	447
21	216
22	269
309	347
347	35
177	75
550	110
385	526
474	469
373	168
189	195
488	554
282	360
191	375
132	378
187	343
310	140
129	306
215	96
587	34
36	478
48	573
182	41
70	110
298	194
96	15
439	228
434	166
122	435
537	249
149	329
8	126
46	367
501	459
115	196
81	150
516	133
599	51
449	329
252	569
546	192
212	479
197	311
214	168
394	403
37	303
355	80
343	265
255	524
131	118
510	316
595	91
534	523
57	144
35	467
46	457
230	217
109	147
388	42
15	292
175	123
479	319
91	570
501	236
502	487
152	288
202	6
156	109
415	579
220	496
129	386
113	275
121	139
312	327
120	439
129	232
485	329
524	493
391	419
542	570
95	84
257	484
589	91
521	232
451	443
451	40
406	43
568	451
320	393
423	120
267	554
121	191
352	32
134	316
62	249
181	49
54	576
136	222
418	498
542	232
230	151
345	507
518	386
408	37
255	471
56	137
571	281
179	37
468	381
386	328
225	22
230	491
430	517
90	539
213	141
269	296
483	545
188	542
390	275
44	557
138	145
285	271
99	518
98	125
340	386
68	110
582	31
383	78
524	89
404	551
547	529
421	598
39	215
119	260
265	433
281	55
301	316
4	5
223	581
411	189
141	221
177	177
360	447
337	84
412	95
512	292
519	473
328	12
382	259
486	521
291	208
59	119
307	514
391	287
516	315
193	391
435	129
339	142
467	315
522	394
298	284
452	400
77	74
146	543
452	35
269	242
328	414
93	496
273	209
476	82
157	500
56	32
378	137
136	72
284	471
406	68
105	594
323	23
170	96
312	556
589	274
496	42
349	69
27	168
411	180
133	89
518	412
86	532
21	212
210	596
205	398
496	54
327	422
480	220
465	375
142	181
84	36
307	542
69	322
34	41
565	103
400	337
243	486
100	63
410	43
63	476
589	45
341	588
358	253
345	547
198	530
383	7
486	582
330	393
412	40
126	289
578	70
95	101
113	63
369	469
123	379
497	527
133	256
568	242
307	522
376	425
421	181
319	398
71	530
401	504
71	564
314	194
367	102
560	449
219	467
135	266
492	249
430	46
515	194
366	172
577	489
475	497
539	46
315	382
3	238
332	13
329	474
426	9
408	593
574	546
301	285
10	138
11	167
72	279
178	336
99	453
374	94
557	311
115	319
463	210
277	212
447	343
246	493
587	26
377	133
573	99
300	354
215	513
466	43
173	70
246	550
441	67
436	21
426	8
577	500
182	408
587	138
54	599
250	42
441	537
174	525
336	57
282	237
553	194
391	64
120	334
467	559
215	120
0	546
461	168
169	107
109	187
31	155
173	419
290	117
31	522
586	13
13	551
278	355
21	315
339	234
420	459
222	128
255	130
222	106
524	473
120	302
551	542
589	492
521	207
249	529
442	225
482	377
575	337
329	472
303	526
573	390
423	194
506	37
397	227
401	320
130	570
393	49
513	118
155	287
436	94
507	83
93	58
306	37
162	540
209	208
2	353
432	414
228	454
76	481
366	128
254	104
51	4
120	466
302	160
411	234
523	380
93	150
581	536
94	198
450	292
57	590
210	494
391	584
94	267
142	553
46	493
177	398
179	13
506	339
507	430
427	559
434	214
145	72
85	305
545	126
259	355
533	159
460	106
231	167
419	294
102	9
408	566
30	422
366	417
266	408
291	557
109	572
158	527
94	323
274	31
65	467
449	223
25	14
220	593
92	599
78	122
472	252
225	31
193	76
32	34
388	407
379	313
45	44
553	491
341	259
320	48
504	592
376	340
538	376
165	303
513	460
491	300
22	575
220	500
253	309
501	406
580	226
390	558
225	315
400	383
4	213
210	158
187	73
468	237
187	25
492	496
132	74
374	543
494	45
462	1
72	355
185	473
487	461
473	472
147	182
288	79
229	525
172	350
373	402
145	598
65	60
20	376
367	477
43	568
91	404
418	297
4	436
176	166
392	365
536	394
8	255
11	253
287	375
499	364
308	488
451	204
566	199
218	330
399	546
150	514
281	125
68	530
525	563
366	361
91	14
382	522
212	204
415	207
419	254
587	308
58	133
502	234
480	171
441	236
544	388
555	577
429	167
250	374
353	204
223	591
5	132
135	490
75	120
46	545
343	431
359	10
92	359
278	100
418	575
366	136
221	454
542	50
354	548
206	10
418	44
463	564
209	234
368	320
504	559
350	494
374	405
19	138
245	345
191	311
417	421
508	308
164	111
579	160
548	401
556	427
94	397
562	106
195	573
141	510
408	421
25	554
100	422
492	463
19	567
189	191
496	177
480	330
375	528
350	7
183	321
145	283
158	149
517	143
567	209
201	433
143	246
77	58
366	347
326	599
64	365
541	334
563	25
69	23
427	86
403	380
16	178
432	351
337	271
554	111
106	121
337	430
33	38
573	305
71	427
196	133
121	192
457	586
438	495
88	487
555	350
6	187
394	213
438	563
306	598
374	172
519	218
232	399
530	130
148	500
523	352
67	468
274	194
238	183
590	167
309	430
501	138
419	231
210	385
119	291
28	489
109	181
66	55
491	401
549	501
568	318
262	39
62	481
103	441
120	120
446	471
439	376
427	240
95	60
386	464
126	546
524	345
4	275
64	573
509	7
487	451
84	35
269	299
74	377
435	311
428	305
210	25
130	321
562	67
108	438
40	487
591	390
550	219
157	524
116	504
51	343
476	80
147	376
515	497
106	350
508	194
188	463
6	329
579	469
558	87
447	362
359	169
367	514
165	316
317	524
330	267
296	492
112	152
283	312
92	301
387	213
44	550
510	85
23	565
502	359
154	568
428	588
100	571
130	105
319	102
537	422
350	148
281	193
518	47
39	464
581	490
64	426
303	461
252	232
240	31
262	293
540	595
496	47
417	217
171	265
358	503
371	38
325	228
441	548
291	74
67	267
1	182
38	32
571	428
20	571
309	539
64	129
350	427
333	247
404	478
478	596
23	434
185	505
162	90
493	519
379	211
187	413
140	226
321	205
586	240
456	482
155	311
255	281
413	555
32	136
17	200
265	183
6	67
517	114
489	408
177	136
482	200
363	403
330	421
267	596
361	564
502	346
45	108
495	247
588	297
182	463
306	288
237	158
286	295
149	565
167	531
440	193
252	132
463	64
504	97
43	344
84	556
544	334
15	281
22	336
553	216
481	504
141	469
345	413
100	272
460	351
14	254
222	71
348	235
307	489
521	114
427	295
511	364
404	195
173	8
150	328
518	12
583	126
77	265
350	576
28	252
165	68
172	222
32	78
207	482
67	537
153	478
87	371
589	0
348	348
564	30
403	307
416	218
2	469
279	424
411	443
2	502
390	262
285	71
546	314
113	275
67	308
141	39
381	458
84	564
438	557
295	551
546	573
299	412
480	178
333	216
426	2
306	282
586	475
371	556
359	279
414	404
151	119
528	425
398	182
278	285
213	123
530	54
374	490
506	504
275	136
69	107
551	504
375	316
132	559
116	426
395	232
225	48
371	221
198	290
576	468
15	109
597	201
210	368
428	469
571	17
161	51
402	421
343	123
302	144
122	189
292	461
516	155
599	579
563	307
227	484
399	328
229	162
457	444
370	80
255	60
200	467
333	360
161	292
405	525
491	154
287	345
365	376
147	107
541	569
395	4
388	275
318	534
410	351
79	63
238	36
36	594
38	218
186	362
573	114
350	460
42	167
271	504
517	392
63	195
92	158
391	173
276	421
562	274
467	200
178	558
90	269
135	114
281	290
166	334
578	163
158	570
287	10
101	237
7	401
1	433
59	558
75	433
375	420
374	583
460	514
446	190
331	42
35	537
516	496
412	367
572	524
552	20
53	599
63	21
303	366
232	407
212	422
468	284
506	412
575	19
345	479
135	499
28	525
564	20
588	527
384	457
552	545
344	254
449	306
448	163
154	412
245	186
525	465
220	83
567	282
264	208
326	61
465	263
321	35
559	389
573	578
541	233
361	150
515	212
447	231
68	75
75	239
495	6
183	378
408	185
445	90
134	84
326	599
72	480
295	215
104	33
83	303
97	555
171	590
517	314
451	354
463	74
518	50
544	111
545	111
237	506
325	152
93	241
174	337
183	210
264	70
74	428
218	425
279	265
379	22
201	180
328	312
133	523
127	538
404	145
54	492
381	403
573	463
535	596
434	135
189	504
531	100
538	81
69	325
499	130
427	378
12	149
195	443
202	259
107	323
376	456
217	499
533	207
111	372
267	514
333	365
467	198
449	429
387	446
361	125
305	207
153	141
241	491
336	449
538	549
589	128
39	527
383	257
514	251
282	35
595	461
61	335
230	529
168	284
250	94
234	511
277	542
345	492
453	561
339	181
353	285
401	86
134	236
572	363
566	178
375	567
155	410
220	258
226	580
74	389
138	52
276	549
203	442
133	330
331	594
224	51
371	24
548	280
409	594
580	516
359	401
364	45
568	12
47	97
387	291
118	478
256	510
147	381
359	392
555	492
240	19
266	512
269	89
537	340
395	300
18	16
255	203
68	96
174	361
50	191
293	155
85	481
95	422
442	74
461	171
326	134
247	33
86	550
121	389
548	196
393	431
275	147
108	220
443	477
440	572
552	378
252	464
357	507
220	346
414	448
521	232
499	260
477	86
320	267
500	87
593	348
150	160
67	25
425	433
214	0
123	464
46	38
124	452
369	271
250	332
219	4
327	482
589	409
213	175
60	418
410	539
277	505
502	129
526	399
129	525
336	261
522	467
521	421
210	598
93	562
502	73
221	584
435	317
272	298
340	56
517	222
512	494
163	311
391	31
255	79
130	557
349	135
2	351
138	420
192	151
326	336
348	525
479	578
25	406
352	186
334	413
72	214
112	35
495	418
498	446
420	519
23	324
409	155
414	58
32	120
251	293
15	332
439	500
46	205
14	488
154	254
574	233
594	427
231	311
470	493
222	450
383	490
275	246
9	484
467	238
21	20
520	595
524	147
571	338
542	13
444	168
288	594
288	106
524	490
474	5
259	301
244	566
501	356
276	160
472	335
524	48
127	20
201	134
90	217
237	138
83	390
384	313
585	394
337	27
53	520
91	169
194	37
267	80
121	529
125	405
2	128
470	412
152	52
148	145
259	193
321	170
345	532
583	207
454	97
245	503
207	143
95	528
199	594
125	435
545	222
338	233
100	394
316	22
388	576
403	177
293	56
218	261
235	148
3	71
213	43
423	339
231	589
211	334
375	16
158	202
479	69