283	39
315	33
360	111
464	288
390	213
294	21
355	297
58	435
238	332
304	360
417	236
346	203
263	386
274	197
186	267
347	162
278	87
233	297
269	66
296	28
422	336
168	294
208	161
175	274
357	309
262	229
306	212
270	58
498	380
429	306
375	183
317	46
306	66
180	455
445	339
437	283
391	316
316	460
303	99
251	133
289	298
309	503
400	184
336	81
276	201
287	54
256	232
329	77
114	416
306	87
209	261
290	82
386	409
516	428
509	505
346	343
300	7
290	29
436	358
354	104
369	289
420	411
296	213
249	246
328	167
249	154
439	347
213	197
353	107
287	87
323	158
245	388
126	439
547	456
180	248
385	150
297	68
467	396
267	108
397	439
240	280
460	345
495	480
322	348
323	145
418	389
238	136
489	354
279	110
272	453
330	59
339	140
311	155
303	7
303	11
396	494
362	471
119	475
400	337
299	68
186	325
190	196
359	128
257	136
450	329
371	229
368	188
309	30
419	312
196	485
288	151
416	219
323	516
352	217
246	135
281	213
93	384
296	72
281	138
232	401
459	318
288	26
337	456
199	461
360	120
301	432
221	171
377	348
348	392
323	44
207	243
481	433
353	162
264	119
188	332
186	301
415	222
376	184
401	180
420	219
220	219
66	457
282	59
303	30
456	508
249	170
335	491
153	490
323	44
331	150
258	106
213	347
176	399
286	254
300	83
290	54
359	356
289	202
310	93
112	359
139	487
448	506
287	229
359	277
195	266
335	106
369	131
467	515
228	487
217	189
131	485
154	510
443	343
249	330
304	166
152	299
152	441
218	372
309	42
221	234
332	159
303	151
211	319
254	510
300	2
231	188
212	488
256	291
309	268
222	434
348	134
325	310
286	519
175	305
79	493
452	331
322	127
157	251
300	10
253	211
236	493
293	183
313	94
454	306
138	305
352	466
315	180
65	474
245	291
217	364
144	280
400	238
301	367
399	450
309	153
292	46
290	455
503	355
193	242
321	207
423	339
230	447
433	395
464	439
334	150
304	34
263	205
275	78
304	27
159	422
421	300
316	38
310	46
299	25
276	197
299	32
187	324
281	66
185	415
364	377
330	185
269	469
335	67
410	312
295	26
205	180
317	60
345	95
487	464
300	5
446	254
367	187
166	289
271	64
321	310
418	507
151	382
277	98
95	458
349	451
299	113
377	432
484	326
295	13
241	253
205	293
343	297
291	336
305	187
317	68
420	361
408	452
223	225
274	51
255	479
300	1
281	123
243	119
183	293
338	170
380	166
393	366
342	300
390	220
486	508
283	36
548	487
365	200
538	428
324	44
430	444
374	199
347	100
352	237
444	306
281	264
341	92
375	132
274	99
215	161
288	100
288	137
290	31
294	82
300	87
425	375
265	300
410	432
293	343
371	180
332	231
399	418
260	208
413	279
472	349
239	164
251	410
464	403
242	416
294	358
483	319
309	20
391	368
369	184
196	316
269	153
427	256
308	61
81	494
388	307
236	502
429	280
412	392
316	309
336	465
268	166
309	48
418	240
353	220
493	423
130	343
243	118
65	495
332	81
170	504
373	210
474	390
317	36
266	293
457	293
307	134
309	50
460	386
96	446
312	32
350	155
469	313
283	474
430	369
340	160
289	64
307	25
324	137
263	80
207	339
345	119
300	331
443	340
310	59
326	56
313	35
300	13
303	79
344	504
218	259
380	141
357	190
404	200
198	246
177	395
383	190
362	169
317	41
309	187
451	409
243	139
413	493
206	231
349	145
160	268
368	250
317	82
245	148
272	377
310	67
345	132
270	254
81	386
325	207
248	475
308	145
174	273
239	238
253	189
410	322
518	455
332	63
272	73
332	498
300	97
275	53
230	384
171	281
311	60
184	375
215	377
463	329
207	214
376	195
307	15
361	118
186	371
184	218
552	468
267	93
264	257
203	434
484	502
286	103
242	263
501	477
217	196
299	8
424	227
248	135
192	247
245	99
249	148
253	114
322	54
233	237
275	93
273	202
299	7
174	473
385	185
460	371
288	196
553	448
283	125
424	500
296	50
303	216
342	230
263	267
247	364
454	345
296	16
80	424
363	134
326	80
265	334
299	9
55	431
324	209
271	88
224	159
226	280
195	253
379	265
231	132
370	267
319	154
342	192
298	390
241	459
415	518
301	9
299	18
133	428
230	368
250	256
214	315
300	22
198	235
71	425
205	416
352	156
118	327
256	80
300	519
180	376
109	481
292	21
301	240
238	223
417	475
151	297
255	98
354	135
472	426
423	490
291	242
390	316
441	397
145	293
300	403
262	393
387	157
253	351
206	242
259	218
312	508
135	515
154	339
280	99
354	442
260	107
287	229
94	510
192	213
299	10
425	363
133	474
59	478
114	346
240	391
290	47
293	63
331	482
229	190
297	132
147	468
331	66
263	256
276	126
384	153
392	260
296	54
55	435
305	86
369	272
402	365
325	304
167	351
257	191
298	464
181	306
164	464
287	41
485	420
324	469
193	265
494	500
267	131
230	177
322	61
320	44
278	278
349	445
385	312
148	308
164	442
299	364
208	344
234	118
387	191
430	262
307	359
207	367
273	158
398	181
195	385
202	434
315	89
546	433
479	331
425	348
295	62
225	135
289	30
333	93
264	76
288	42
562	457
312	73
238	242
174	263
408	340
319	499
333	72
137	403
324	124
464	388
153	306
306	330
158	290
330	191
317	36
297	8
404	307
299	9
297	46
347	374
465	476
275	225
208	234
261	215
21	513
407	206
215	252
245	143
257	133
249	446
421	496
433	267
308	226
103	402
349	326
389	183
188	475
71	437
300	38
564	507
197	362
241	378
70	473
351	192
364	402
339	187
161	468
356	261
229	310
134	296
298	96
467	507
197	390
203	409
227	331
313	80
115	375
520	448
160	332
306	477
203	229
254	293
303	98
322	42
287	143
290	109
297	166
190	384
162	358
306	313
303	7
302	32
377	308
300	353
392	164
249	447
94	410
332	149
423	254
326	219
412	290
262	105
316	82
440	470
517	414
309	125
362	218
290	152
284	93
229	280
464	332
388	409
509	433
518	406
280	54
284	60
312	141
433	274
248	166
243	125
203	353
395	216
189	294
325	97
57	507
95	404
305	192
288	43
320	72
295	12
281	67
380	323
186	291
336	122
338	134
405	228
110	343
182	241
354	300
354	128
231	203
437	254
260	227
296	280
309	41
360	131
296	65
323	349
304	31
245	353
318	107
304	16
265	152
396	442
566	481
192	242
111	457
39	488
488	403
283	31
355	123
255	195
269	461
389	217
463	365
300	13
137	310
554	508
283	410
299	5
277	103
300	82
331	390
348	366
297	78
294	95
347	470
218	427
221	320
243	313
247	218
119	397
365	514
493	364
349	195
282	515
433	383
391	227
74	445
259	303
310	196
297	12
340	83
206	196
70	464
396	383
338	80
539	447
241	217
330	487
358	439
300	4
313	510
434	280
375	196
342	133
206	205
464	473
370	221
188	438
287	242
343	140
287	34
345	182
356	344
504	374
344	131
312	54
442	315
367	437
300	9
328	517
372	420
312	46
158	411
320	205
519	391
378	143
379	187
369	512
294	104
284	115
315	404
296	429
316	132
235	240
40	460
303	32
301	136
404	509
456	363
312	307
308	20
354	299
261	69
334	216
297	319
298	225
300	47
156	442
294	32
510	377
202	332
297	80
395	220
269	197
363	177
295	358
317	184
268	361
324	45
317	287
309	388
306	57
340	351
220	352
289	94
291	112
423	223
476	349
290	52
281	49
95	491
34	474
286	88
299	9
17	495
204	184
101	354
172	439
286	57
303	48
279	44
187	480
299	46
208	237
257	119
370	132
239	202
342	89
523	518
329	140
310	73
78	394
250	372
387	412
425	250
292	403
112	519
189	217
439	313
313	270
333	346
301	3
284	132
274	69
325	401
326	204
221	207
253	437
478	390
302	36
301	7
251	130
373	512
282	56
457	289
239	194
277	417
434	433
227	342
355	429
436	287
304	114
334	172
328	232
324	208
280	83
284	61
241	114
385	224
339	82
328	159
241	499
207	224
321	43
293	21
548	502
523	428
293	388
271	357
316	83
389	271
558	481
340	245
283	509
322	235
352	224
418	213
189	425
323	80
519	440
280	484
154	339
309	70
68	481
579	517
307	27
311	35
274	49
180	322
270	367
282	129
289	22
458	401
404	388
234	362
246	358
244	170
196	259
160	332
207	515
278	69
237	180
284	41
295	73
82	470
230	498
218	200
300	4
283	119
285	34
177	268
417	336
316	64
333	124
415	468
140	390
272	121
273	502
252	93
164	342
449	502
300	9
196	214
283	260
337	142
258	196
431	473
300	3
277	363
300	2
313	138
239	194
224	242
298	9
168	323
310	389
282	112
187	307
327	50
285	224
420	365
226	208
306	98
347	396
488	359
287	34
492	463
346	248
206	492
268	75
158	428
244	287
292	44
281	41
156	263
316	47
304	86
301	86
378	240
357	437
317	114
342	309
309	51
296	24
449	281
459	352
375	168
148	330
140	432
105	411
223	433
273	125
298	39
99	425
280	42
302	26
461	445
291	53
282	199
119	412
234	149
369	142
295	86
305	17
486	476
191	190
442	319
273	410
195	242
298	35
286	28
356	200
238	116
292	491
350	336
324	294
326	461
271	82
287	53
416	260
375	238
416	329
338	92
334	112
28	488
193	230
300	17
352	166
185	359
316	135
326	442
292	179
319	108
346	159
258	166
63	500
289	242
361	224
369	159
361	334
242	297
304	23
238	345
308	274
294	30
240	496
314	138
316	196
234	183
183	255
115	499
196	265
288	24
346	174
353	158
288	73
244	124
399	487
215	261
248	355
283	64
342	306
322	92
395	251
302	6
131	371
343	332
375	278
513	392
322	97
274	167
292	253
455	314
106	348
507	498
387	232
122	313
387	196
267	85
300	266
239	317
294	23
303	28
304	10
514	494
383	422
405	346
366	195
208	236
362	181
204	450
403	215
304	423
346	485
248	519
322	63
320	241
345	430
170	254
323	123
202	174
506	401
223	145
317	177
289	77
300	104
304	182
308	22
461	391
309	113
300	5
326	57
468	317
553	463
358	286
289	191
371	133
375	361
441	354
472	358
358	270
164	506
270	187
304	228
273	93
263	100
448	319
441	327
235	136
288	96
159	255
150	385
405	243
368	282
34	519
146	319
372	371
73	430
294	184
308	106
433	310
351	197
286	35
325	108
282	195
301	145
313	48
296	459
325	109
340	516
377	135
231	283
367	282
275	121
264	183
217	293
352	466
405	258
239	140
246	395
212	257
383	224
423	228
275	138
517	395
262	171
207	183
352	222
193	251
427	313
358	488
295	35
286	32
156	499
53	484
386	200
332	377
286	229
281	117
358	316
331	322
291	59
271	138
296	14
122	408
315	375
258	259
290	108
36	490
182	518
284	410
222	303
344	137
358	430
334	71
333	115
257	78
536	435
532	473
365	397
247	503
438	377
144	377
161	251
390	294
187	419
263	425
144	494
316	326
184	330
368	148
528	489
291	200
219	322
256	241
207	405
268	209
313	65
477	497
300	4
248	157
300	2
409	283
273	139
254	456
376	309
283	87
148	374
301	9
302	97
308	33
283	50
222	182
432	289
233	144
285	56
349	89
215	217
116	382
316	81
315	501
396	209
278	374
285	418
326	253
275	70
424	308
301	375
250	95
277	61
250	428
295	226
315	195
94	392
376	245
486	420
293	397
296	23
278	237
228	321
300	27
285	375
263	301
305	24
533	509
316	72
386	430
358	120
314	106
290	29
174	220
269	80
336	91
319	397
250	280
236	115
430	448
175	262
412	469
293	98
66	411
383	206
273	49
301	153
328	69
300	78
313	164
75	490
186	326
201	470
334	476
274	107
272	515
372	190
300	61
138	440
97	492
313	229
389	319
214	404
314	36
447	468
293	53
327	313
438	331
333	508
501	476
285	331
294	173
194	416
113	339
306	278
412	259
384	277
295	49
316	74
292	324
378	155
210	220
190	416
316	62
309	129
363	122
281	82
537	500
181	462
121	390
300	87
437	251
287	193
322	484
207	254
96	500
99	519
256	162
165	277
299	482
387	311
308	54
289	37
497	464
144	314
397	350
140	337
271	322
206	310
273	253
220	221
299	177
300	214
366	332
311	408
480	482
143	445
308	58
254	228
308	360
87	438
169	330
196	184
145	282
263	476
532	487
380	490
362	123
237	204
290	93
378	456
250	232
321	294
327	82
417	255
580	507
335	183
164	416
75	396
303	436
294	67
138	322
318	104
273	51
263	97
315	225
284	192
469	480
353	152
519	426
330	97
415	375
424	364
316	76
462	372
299	48
247	165
313	25
394	299
57	438
365	445
457	293
283	90
201	267
293	489
249	170
358	178
254	138
327	154
270	145
279	49
281	314
327	162
58	435
533	469
317	210
293	216
393	223
288	466
551	439
226	378
297	308
262	317
302	9
427	321
325	63
374	455
203	182
304	235
204	225
396	369
283	72
212	293
319	170
128	332
337	329
254	207
450	391
302	53
82	505
333	61
118	366
402	194
303	58
359	360
368	172
504	461
438	423
120	397
324	474
363	262
285	102
289	113
202	318
302	47
302	67
348	408
197	377
368	372
304	16
241	114
290	23
247	95
200	453
361	349
278	245
300	30
310	332
280	80
221	145
238	310
131	329
191	350
198	236
337	398
186	265
311	203
412	257
257	254
308	35
218	197
263	67
547	472
234	219
459	443
267	299
359	481
276	112
372	130
412	252
472	344
330	95
79	435
164	268
364	326
76	506
510	435
95	469
349	323
391	291
296	77
407	212
168	353
327	438
354	185
249	162
306	20
204	177
195	449
376	403
412	410
344	110
317	121
348	87
238	156
283	73
508	505
298	5
276	347
224	214
59	439
393	287
272	234
233	227
123	344
388	519
214	448
240	164
300	2
174	469
113	438
193	218
312	320
123	463
463	516
238	247
293	145
365	118
223	317
258	352
293	62
281	218
208	464
334	152
249	482
235	495
264	73
300	43
310	107
238	140
168	233
282	329
42	460
308	245
248	336
272	291
279	348
552	519
237	318
244	151
199	452
355	285
229	351
425	407
266	454
349	368
294	138
268	119
280	131
317	288
256	129
294	268
329	140
464	377
278	41
176	262
588	515
274	97
398	481
304	242
427	390
295	138
355	147
327	184
381	168
410	245
91	461
96	499
310	22
123	497
165	294
313	381
519	513
297	44
399	447
281	148
138	507
403	437
271	319
235	287
330	67
360	137
395	395
356	204
302	230
403	282
230	508
264	381
444	253
403	184
301	161
363	319
279	409
162	504
325	170
359	108
327	134
514	506
247	266
371	125
451	375
323	249
165	235
248	351
341	384
391	442
230	160
209	276
477	352
292	390
285	47
331	61
299	78
117	378
276	112
310	227
300	147
362	116
211	401
298	291
300	35
300	406
247	270
528	481
403	193
357	165
525	486
336	249
143	474
243	110
510	508
266	312
275	114
218	148
344	268
384	163
261	261
169	383
195	216
255	310
106	493
355	145
425	332
352	387
577	504
235	513
247	153
295	61
219	151
306	22
271	215
463	451
438	513
317	151
147	273
397	329
282	46
247	110
199	189
107	431
250	309
247	308
268	410
179	236
307	39
358	175
304	15
369	310
346	155
325	172
393	492
469	377
527	432
212	290
305	50
513	457
506	395
248	501
234	228
258	495
240	324
295	70
301	28
82	493
308	268
268	135
344	498
398	232
356	253
359	354
363	274
304	277
484	476
266	459
335	409
315	319
83	383
396	346
417	319
281	56
326	235
333	507
145	445
412	307
210	465
393	209
288	421
170	325
310	181
288	334
63	437
299	292
345	99
361	508
167	518
405	190
288	73
539	481
313	429
522	472
321	99
315	162
141	357
189	377
265	78
284	32
349	476
267	104
416	399
223	203
332	267
352	110
292	167
389	208
313	342
63	473
234	221
268	61
101	403
331	290
279	132
454	380
258	79
297	9
481	428
424	252
100	432
272	99
199	194
56	448
481	486
197	275
415	250
442	429
139	309
289	156
288	38
302	500
295	413
239	289
332	59
283	53
326	183
322	310
294	196
224	143
422	511
575	502
262	250
310	105
295	29
285	93
472	304
377	396
297	77
338	112
176	263
282	364
303	184
274	47
287	40
333	90
328	512
275	70
201	269
245	127
336	274
261	314
315	209
338	143
156	459
230	455
224	244
320	52
270	126
267	174
332	469
321	120
193	333
432	481
177	349
428	266
486	395
394	348
450	397
263	493
116	351
298	282
160	494
327	254
308	96
393	200
315	63
446	409
277	290
321	260
481	519
301	9
276	86
244	116
346	225
304	77
305	195
435	328
360	231
320	161
481	410
259	204
447	271
320	63
269	462
176	269
282	64
338	99
327	126
309	46
259	192
156	323
126	450
279	154
93	370
534	408
403	296
272	306
358	137
310	62
452	487
308	502
155	337
118	464
499	451
233	131
350	154
464	306
350	331
338	154
280	93
404	448
559	478
335	190
236	285
252	132
244	126
218	229
97	360
281	65
323	336
527	466
268	103
257	98
397	486
155	306
426	495
362	519
350	107
267	231
328	91
118	448
308	97
253	287
310	60
403	471
274	151
298	45
439	339
491	420
230	358
431	283
243	164
359	110
199	194
541	426
168	519
332	110
225	278
302	11
376	148
291	181
379	187
199	384
302	21
238	173
201	401
57	513
484	480
389	278
310	28
140	421
434	358
300	50
199	396
276	431
130	307
302	14
444	515
424	326
225	171
347	420
245	369
290	261
465	312
513	468
279	68
174	249
303	22
174	284
482	421
279	256
277	413
285	96
241	177
410	470
144	442
344	476
258	163
280	86
287	348
203	429
271	390
140	416
310	20
328	141
471	384
219	187
313	86
274	355
331	236
265	89
271	481
333	68
198	235
275	286
256	185
406	287
346	388
262	218
559	474
186	463
133	311
263	268
327	149
292	72
307	495
307	21
280	330
281	48
282	38
370	261
360	144
101	390
298	86
399	453
261	244
441	323
316	176
229	258
457	430
272	107
95	439
228	178
300	128
333	185
272	517
263	519
146	417
276	158
274	104
279	474
172	313
124	382
224	213
303	134
294	16
201	387
270	384
406	437
424	229
251	424
102	461
323	330
277	155
490	383
412	418
195	482
291	141
175	433
397	488
245	213
292	22
361	222
347	110
496	464
37	460
132	456
186	252
524	440
314	320
248	173
390	487
347	219
397	235
307	22
409	270
372	279
309	40
288	41
319	406
377	159
117	364
363	117
296	306
298	23
300	5
234	433
248	326
364	133
90	392
310	342
347	236
306	12
283	69
330	65
326	416
322	333
396	377
221	503
305	165
249	236
360	242
350	304
347	147
355	147
233	387
249	390
441	258
272	402
351	132
264	266
302	54
160	270
366	260
362	252
294	275
486	337
241	279
349	113
253	364
208	211
301	4
435	241
537	415
300	41
148	465
97	376
295	127
284	53
450	516
288	149
417	246
311	45
230	126
516	503
379	441
404	228
230	506
298	87
108	517
366	486
338	76
126	507
273	287
261	73
299	212
532	501
228	414
501	379
306	154
312	129
221	254
377	181
535	415
195	286
277	85
311	280
294	283
192	200
81	418
391	423
274	165
408	299
390	443
141	278
296	217
259	318
102	365
493	353
290	45
518	443
286	83
321	395
298	6
277	244
384	207
145	287
407	279
297	334
336	67
313	38
167	350
91	406
238	499
305	10
222	289
349	244
326	80
313	481
75	499
332	470
241	405
178	477
278	346
305	35
207	358
43	468
313	82
400	181
263	146
113	507
313	41
337	85
268	227
255	480
263	313
267	145
330	54
493	352
495	375
342	164
361	133
222	229
276	113
328	109
305	12
172	229
266	75
469	425
230	185
350	109
431	435
312	158
414	439
315	461
87	426
423	329
430	299
298	305
155	397
164	248
279	175
264	179
442	351
233	131
339	209
308	30
281	102
254	130
323	442
439	253
400	515
238	318
387	483
480	333
238	141
305	12
364	142
326	121
171	324
307	256
352	151
8	507
122	381
296	195
332	141
272	510
332	144
422	396
203	490
116	445
298	7
159	496
303	442
194	226
376	337
300	2
369	452
538	442
41	503
410	264
327	138
366	296
247	414
255	101
406	289
187	237
501	367
450	298
286	75
373	334
368	469
512	442
163	379
372	216
286	103
441	459
51	471
300	144
263	267
299	100
103	444
264	435
308	101
265	96
378	216
343	463
290	172
375	311
319	69
367	507
305	157
272	358
163	472
358	119
542	428
149	293
61	455
256	268
242	289
196	449
289	29
350	101
329	321
325	132
463	448
420	418
449	353
256	192
261	96
322	49
84	380
326	181
363	428
344	312
16	517
384	202
505	510
471	473
281	229
359	287
300	56
192	275
199	312
62	442
424	442
435	334
134	415
257	86
225	368
229	341
314	29
149	507
301	313
370	390
565	473
115	487
248	478
364	437
317	117
298	8
539	418
404	516
141	344
293	58
292	167
396	314
202	399
69	477
187	443
317	229
392	262
170	389
466	319
549	494
369	211
140	437
265	99
310	31
277	93
199	245
99	516
338	119
217	324
240	173
221	216
300	311
183	435
375	140
337	358
291	55
240	395
346	484
370	166
461	306
366	189
371	338
263	247
258	197
335	131
185	219
314	317
253	158
358	440
313	164
300	307
141	375
241	163
481	360
439	362
226	252
291	35
283	61
447	273
320	112
266	263
443	320
141	309
379	151
309	192
250	319
309	435
236	439
285	41
235	204
314	44
514	435
276	57
519	394
236	208
466	469
265	257
399	352
483	396
350	161
55	434
270	310
327	94
336	351
407	357
321	436
283	125
339	93
291	73
300	161
446	272
232	135
141	459
301	8
127	368
426	272
503	424
318	129
145	430
82	429
300	15
288	107
457	463
256	262
306	506
411	423
257	280
299	158
306	25
328	91
542	456
207	441
218	150
418	411
453	319
336	88
306	388
197	302
129	377
362	507
146	304
434	332
409	253
453	351
268	147
290	57
276	92
298	132
455	373
329	85
210	173
354	145
269	98
165	439
493	347
381	469
363	270
341	91
284	61
287	222
345	160
447	262
482	433
308	482
398	507
291	31
141	384
468	336
298	322
326	134
446	344
438	401
265	421
443	365
197	214
391	198
192	418
79	500
162	515
144	275
148	286
297	51
341	181
317	445
225	321
145	399
188	231
335	132
217	381
185	445
426	369
199	465
340	222
55	455
197	432
229	261
246	177
289	78
354	272
262	504
443	267
454	386
248	355
303	51
284	40
192	339
295	392
241	190
490	465
242	287
279	90
413	324
338	75
295	156
281	178
364	464
216	175
342	151
93	454
457	335
371	513
362	257
488	454
336	445
401	338
199	352
500	409
170	298
320	350
428	329
234	221
363	171
260	108
176	445
444	393
85	513
378	190
121	437
309	99
163	274
423	215
307	50
484	324
310	72
493	369
463	348
349	113
341	366
296	454
324	473
385	177
362	138
382	237
252	216
295	69
263	465
159	248
127	416
305	186
160	267
282	43
305	30
319	89
313	160
537	416
471	334
450	378
324	348
237	492
303	32
180	420
435	421
347	239
295	253
472	492
119	453
375	393
231	299
314	171
417	223
117	405
300	226
301	3
288	226
230	212
240	415
341	188
295	161
245	498
276	192
340	122
394	212
330	211
137	344
268	80
292	36
406	372
421	301
268	246
380	386
212	189
483	486
199	380
489	474
224	202
505	515
122	376
334	181
298	6
263	218
156	480
488	339
397	421
277	169
389	502
38	488
301	74
80	435
303	315
293	105
516	403
311	357
362	274
298	18
301	227
275	95
295	339
246	365
345	151
376	508
352	429
315	318
254	267
171	360
499	482
91	507
278	245
354	357
451	278
466	493
278	196
508	484
389	161
273	48
336	483
246	284
304	15
368	120
433	245
271	93
302	26
248	188
300	17
551	468
121	432
137	355
359	128
306	42
236	124
70	507
217	276
251	349
301	35
246	340
216	293
302	165
327	210
229	279
339	234
296	508
370	492
319	89
168	411
299	138
334	328
338	154
284	98
314	54
464	423
282	247
339	136
245	513
454	306
416	284
307	29
300	68
46	488
204	373
315	209
243	134
426	452
276	61
409	204
378	145
320	46
127	409
473	328
485	430
323	66
217	237
425	255
461	308
353	100
551	443
554	476
310	207
376	306
252	305
87	486
424	476
282	45
303	103
155	425
453	495
499	417
249	193
455	393
353	358
366	134
316	159
289	64
396	262
130	509
177	238
269	139
471	406
352	473
441	319
310	158
293	16
392	212
364	220
448	478
340	86
309	61
163	415
272	351
195	405
328	90
316	345
349	134
308	464
370	265
451	335
318	89
331	112
258	100
266	67
365	178
196	189
207	371
70	410
278	85
288	209
335	389
236	127
355	369
151	263
404	216
343	178
289	300
277	346
566	515
201	306
309	193
226	412
351	90
314	194
355	165
241	222
282	38
489	418
300	218
211	396
254	247
375	429
247	170
370	232
300	39
439	447
217	170
470	315
295	128
306	519
297	26
86	435
71	427
140	339
303	44
300	468
337	326
390	274
144	434
272	164
529	499
260	133
137	332
157	287
310	159
306	34
477	442
284	58
379	229
300	28
220	255
257	121
286	313
361	171
310	113
75	394
283	297
299	8
293	123
278	94
302	41
459	316
294	22
306	36
362	474
305	42
169	291
297	31
230	494
292	42
223	145
343	80
209	312
80	458
300	2
262	301
273	108
158	285
95	366
469	510
398	286
297	36
451	435
318	41
312	417
437	260
275	383
254	216
471	519
321	159
426	394
233	397
319	145
412	311
239	145
323	75
309	249
271	132
288	46
481	338
18	502
370	227
456	392
236	503
235	160
270	128
361	119
328	51
319	175
145	388
358	233
77	454
407	495
300	3
183	258
303	495
235	274
284	122
234	486
436	274
316	105
412	246
407	446
277	152
235	209
187	230
357	214
319	73
311	98
436	431
301	164
488	378
319	35
428	256
511	426
370	173
580	503
254	276
45	509
297	377
374	183
267	147
299	53
346	120
168	238
431	355
345	141
132	472
282	296
276	54
269	147
302	10
328	56
296	210
273	303
213	279
388	252
359	249
149	299
149	293
358	256
485	328
241	312
304	142
369	185
382	495
225	159
324	287
308	85
286	67
193	256
356	252
11	510
348	168
305	148
334	95
334	134
309	22
437	511
242	242
531	456
324	161
338	347
334	109
224	252
244	130
236	218
432	231
229	172
436	255
387	307
326	48
274	216
381	144
356	247
404	299
209	469
328	226
264	295
378	361
385	223
207	357
215	466
281	177
395	301
289	60
212	168
335	182
314	28
353	428
454	463
366	380
236	497
433	267
233	287
380	164
304	467
405	294
266	119
344	250
371	153
438	383
269	499
179	416
266	369
309	112
207	314
300	241
317	87
324	48
68	475
385	199
202	216
256	386
400	412
339	99
227	494
300	73
459	400
452	446
373	136
331	93
380	203
294	14
157	338
382	481
245	183
301	5
353	121
300	193
161	494
322	61
356	302
117	406
260	371
311	26
508	518
68	420
334	143
229	313
434	283
398	325
325	110
308	89
172	497
445	345
309	196
388	391
222	295
348	180
222	157
303	142
350	277
224	448
407	335
189	403
298	149
470	353
292	131
201	260
294	38
227	156
245	222
238	262
115	325
273	87
215	206
320	82
193	194
284	216
444	470
303	204
40	513
281	89
385	461
220	270
382	175
384	219
320	502
112	342
314	97
315	35
157	493
394	382
337	266
329	90
357	228
283	80
358	113
399	430
28	507
360	419
338	198
304	13
267	135
306	208
345	246
195	253
303	137
266	428
293	337
133	477
287	32
284	177
422	220
396	351
228	301
278	141
430	257
136	390
218	146
227	134
324	62
341	149
349	442
233	221
274	349
274	68
305	132
315	151
263	401
300	1
435	428
142	278
272	336
202	218
145	281
220	199
277	179
265	69
267	126
335	124
317	42
285	405
273	300
440	351
219	251
304	183
292	75
150	505
273	396
300	217
288	277
276	161
270	298
296	95
514	451
188	299
407	211
104	359
208	177
333	93
434	371
302	17
182	299
227	215
290	25
141	303
308	230
246	155
300	18
316	59
391	205
301	346
297	7
323	52
235	198
308	384
415	286
368	339
91	515
253	275
330	177
292	363
351	426
312	30
444	461
522	479
244	151
385	495
241	126
315	252
342	184
255	332
325	222
261	269
300	12
282	357
399	397
361	154
297	12
247	128
317	35
171	488
328	59
236	279
213	171
249	112
328	151
234	176
300	1
306	40
215	322
311	114
329	179
278	269
395	202
184	437
458	486
332	72
221	513
310	52
54	437
295	14
205	243
288	381
229	149
379	336
326	93
249	112
546	440
335	190
198	198
407	371
193	276
314	274
305	44
300	16
357	186
162	246
345	364
301	7
313	156
147	423
311	274
314	54
320	303
300	2
292	30
324	92
233	473
374	228
203	384
280	86
337	93
334	467
344	113
347	109
334	95
532	430
330	133
277	135
376	424
352	193
426	321
72	403
433	253
163	514
329	205
246	345
302	5
229	315
331	65
299	4
213	234
471	336
146	327
510	415
360	150
231	487
122	365
310	28
298	16
230	168
207	309
326	485
132	333
126	358
149	394
385	242
574	493
163	243
470	422
165	285
219	251
480	319
478	419
248	297
83	508
117	442
419	476
327	105
90	457
270	289
579	504
174	352
247	349
277	358
314	174
354	218
200	408
179	280
267	268
274	63
261	332
331	282
46	506
231	364
456	334
193	219
300	1
207	193
375	319
304	388
463	352
356	106
262	69
501	362
298	100
408	353
417	332
155	395
198	384
307	73
310	35
455	291
300	1
347	216
210	435
291	21
302	120
278	104
298	362
365	151
234	138
475	506
183	234
184	299
206	479
405	220
260	80
309	482
300	4
125	306
225	190
96	363
147	435
208	234
365	208
226	404
193	214
342	209
253	409
211	313
426	236
316	513
294	32
302	225
344	110
396	189
350	96
268	151
330	186
257	90
213	284
225	167
284	441
298	104
267	63
435	518
311	37
312	103
385	370
491	348
358	179
352	218
416	306
285	52
333	124
327	103
461	511
194	420
227	209
304	213
344	102
413	276
279	98
134	316
384	249
479	351
445	414
341	155
209	477
286	277
311	117
187	214
328	317
366	186
159	475
281	138
395	245
339	299
286	51
173	240
256	78
200	415
470	481
293	43
365	216
360	375
296	41
162	354
258	144
221	164
298	110
279	231
341	206
74	426
239	112
333	396
81	476
262	80
234	146
197	285
269	70
209	261
152	402
299	167
337	332
233	212
300	8
298	61
171	494
399	477
543	510
448	308
268	117
209	500
26	483
280	483
281	270
429	475
265	132
337	160
213	508
329	255
328	204
300	3
258	274
388	289
42	461
213	201
290	99
307	471
229	128
261	98
300	162
345	115
308	53
143	363
389	431
222	193
265	304
189	248
447	383
298	50
341	253
284	61
272	495
245	150
127	446
339	80
307	20
400	509
243	147
351	439
288	36
227	261
162	363
267	136
165	421
377	209
423	263
257	93
276	112
301	13
446	321
282	39
236	436
277	507
415	217
110	416
345	277
286	229
515	507
290	130
370	302
235	353
348	114
298	71
305	332
286	143
247	219
296	384
99	467
537	481
133	296
291	195
244	186
293	96
257	126
191	507
299	4
171	435
313	172
174	294
426	235
299	226
278	306
304	9
122	448
378	186
494	364
217	351
287	32
277	373
300	18
213	329
109	514
128	357
385	341
272	154
298	22
324	94
314	29
294	86
366	285
506	489
73	499
369	265
291	178
361	185
324	384
303	242
392	172
335	227
300	61
304	132
127	451
134	413
188	219
328	93
48	441
447	459
310	55
220	386
10	512
235	509
193	476
272	60
334	306
488	390
520	507
335	176
271	112
285	223
261	226
221	509
514	440
360	116
250	219
277	408
270	58
237	242
299	254
209	506
151	380
300	1
296	14
419	327
423	216
243	267
324	395
248	199
272	121
207	171
295	111
357	414
426	235
210	316
304	312
183	370
118	418
210	235
265	366
292	97
332	120
332	76
293	153
273	81
287	70
308	43
349	152
335	476
233	196
364	170
250	444
238	201
194	209
349	474
444	438
226	284
299	10
334	171
406	457
314	248
232	304
151	332
236	187
298	320
388	233
467	489
225	214
102	453
300	7
142	296
277	54
374	233
186	346
397	217
175	433
288	423
328	57
401	247
280	158
248	113
382	192
149	378
297	45
231	164
311	50
199	224
362	283
172	375
218	170
299	67
318	48
261	269
389	410
290	99
300	4
314	32
96	445
344	390
336	200
307	56
182	448
261	411
341	307
313	415
217	207
566	462
450	472
322	60
252	248
106	481
274	58
171	278
554	461
178	390
423	390
464	341
354	115
273	183
512	433
423	313
332	71
95	390
271	79
382	184
370	171
444	397
343	216
296	9
177	411
320	158
347	128
540	514
434	387
175	300
326	49
306	306
459	383
224	241
252	122
278	119
234	504
401	272
311	71
351	122
300	1
211	507
248	248
222	196
367	124
535	505
299	287
232	169
267	170
425	246
308	54
329	93
452	306
273	141
284	59
58	451
220	217
296	11
432	501
291	35
329	375
62	463
173	475
386	312
312	102
259	151
300	112
388	291
274	90
416	377
121	478
300	22
304	20
314	311
300	69
299	9
488	362
329	161
382	371
299	10
396	210
234	423
354	227
406	519
277	390
300	70
235	262
217	397
329	118
391	177
264	81
319	229
66	429
310	20
128	320
307	277
223	193
94	420
311	60
393	461
328	61
316	120
410	215
429	253
296	155
340	199
323	103
173	513
164	468
295	300
249	298
324	429
352	145
309	66
296	12
437	384
313	279
313	97
327	483
155	404
365	287
304	125
292	238
457	442
134	365
64	427
295	18
270	148
236	132
280	86
505	481
117	358
463	345
247	103
58	477
130	457
301	353
215	327
344	403
426	357
345	188
403	238
182	293
491	402
287	395
159	487
306	189
197	476
327	211
334	80
322	379
297	20
319	170
186	273
368	218
530	490
266	458
271	122
342	403
347	118
303	14
339	379
277	47
38	483
300	143
328	202
322	42
165	383
436	481
126	437
200	238
362	177
189	336
268	76
288	29
313	31
379	442
264	131
249	144
245	236
464	304
390	418
267	119
220	162
435	246
297	43
519	484
266	329
220	157
337	217
378	343
244	270
253	179
301	320
474	440
312	84
329	67
218	269
168	299
260	254
426	340
289	53
114	506
288	26
360	229
292	67
276	180
289	82
321	48
273	358
572	519
235	346
225	267
319	151
356	422
439	459
490	402
310	332
246	373
309	218
505	371
186	460
321	62
329	91
232	364
298	15
41	470
335	334
323	63
297	80
308	204
327	60
167	440
97	397
329	156
323	154
300	156
184	241
222	355
350	134
442	464
361	128
159	408
329	56
390	271
388	369
270	90
266	91
341	113
271	168
534	492
440	417
381	274
333	85
299	132
255	435
257	98
378	446
316	94
144	449
205	262
282	87
363	177
358	131
291	209
124	497
444	287
530	462
470	341
375	318
220	211
226	456
284	30
274	150
253	273
82	442
366	292
313	149
283	266
338	155
465	411
379	253
102	407
252	147
317	139
290	23
267	440
506	441
434	314
278	56
470	396
299	43
429	445
542	488
319	472
225	497
356	322
247	266
267	209
272	297
359	179
217	468
267	292
359	240
212	205
270	240
351	138
303	461
543	506
323	67
218	493
407	398
229	251
127	513
281	39
344	464
492	448
400	403
104	461
327	138
302	12
188	305
367	186
75	396
92	366
251	110
284	149
320	110
65	430
270	130
244	196
340	456
346	177
370	473
461	497
248	333
268	85
316	111
367	166
212	194
449	446
279	345
359	125
433	347
347	372
345	228
361	195
312	277
320	269
235	177
371	145
298	58
384	227
297	79
315	44
126	455
255	132
511	513
544	513
413	344
320	197
132	320
226	397
326	204
176	341
493	350
368	171
447	478
137	511
230	382
305	35
359	385
299	455
232	325
197	288
302	61
300	1
194	312
402	511
258	254
281	160
255	467
371	379
255	265
267	186
257	131
136	403
436	352
334	86
474	325
133	391
244	136
496	360
306	330
464	379
289	97
278	132
312	379
371	185
345	101
234	322
422	330
237	510
234	379
365	196
445	365
247	229
158	448
326	373
217	187
331	209
364	212
376	255
295	240
496	402
196	209
453	384
315	83
333	164
463	400
381	232
304	9
505	384
251	424
142	349
314	195
307	242
275	55
385	408
300	32
56	500
303	122
371	175
9	512
294	92
306	28
128	401
242	496
356	293
469	441
65	435
335	288
69	433
356	203
379	143
245	150
284	47
231	151
494	341
218	347
336	93
294	403
378	144
207	176
330	367
298	8
244	131
335	72
404	234
121	479
302	179
336	238
290	122
544	501
383	237
297	232
328	148
304	291
432	304
342	140
468	343
241	132
303	507
348	243
292	129
256	190
288	263
311	27
287	165
181	211
277	281
376	311
364	291
259	133
366	178
279	230
299	110
306	60
434	375
299	5
167	300
326	399
293	205
236	192
467	391
409	363
328	209
314	367
115	481
326	319
498	484
300	464
339	71
240	162
319	127
386	167
351	428
355	209
320	113
254	416
300	53
309	122
143	472
318	33
203	276
405	206
284	158
176	502
229	226
388	280
217	413
340	456
549	438
164	361
270	191
137	486
141	334
42	508
208	273
300	27
348	264
297	26
315	35
237	425
319	507
272	55
191	410
406	222
321	191
249	436
228	473
326	161
224	475
279	82
303	313
312	376
291	384
482	341
357	364
218	164
294	213
170	400
339	171
267	237
276	319
382	146
299	3
332	416
365	177
299	163
341	177
115	441
420	408
292	52
187	398
210	166
346	344
222	400
285	41
294	23
88	371
227	220
433	368
333	79
471	473
351	170
226	170
378	504
291	99
280	76
444	481
225	327
414	226
571	480
370	126
252	287
292	280
246	146
228	171
298	35
283	497
296	52
273	200
469	385
460	478
266	68
300	1
348	264
296	139
179	221
304	28
300	192
304	258
214	151
204	496
271	88
281	361
272	225
295	355
163	484
271	117
317	143
248	312
275	344
302	6
339	412
334	169
333	143
355	121
271	455
268	115
491	398
387	155
253	96
453	410
258	93
412	326
222	211
179	282
327	114
368	313
347	429
173	307
353	358
43	471
224	196
303	9
295	83
296	73
255	145
139	286
134	389
409	199
398	496
186	206
351	197
284	215
332	291
306	26
183	261
248	138
114	465
384	345
433	374
155	256
258	97
493	352
325	337
361	172
228	129
180	338
290	45
223	148
389	480
308	84
299	10
316	93
513	467
376	341
274	106
192	404
219	259
381	171
468	415
175	432
270	101
307	244
283	377
264	349
83	458
198	262
295	13
261	169
296	64
334	263
335	118
216	291
412	252
336	307
333	338
95	377
435	311
268	109
292	220
340	159
317	164
305	40
174	303
302	6
432	277
130	390
368	288
244	415
157	439
246	120
202	221
341	445
406	235
298	227
255	350
305	17
462	300
314	223
209	442
222	222
301	320
300	22
325	360
250	457
110	406
170	514
182	382
435	275
275	130
251	409
419	461
162	352
221	398
286	76
289	82
550	451
404	471
457	410
251	174
338	481
260	225
296	46
337	377
161	353
476	339
295	41
363	427
139	361
202	203
318	79
307	464
257	88
277	61
226	370
178	371
172	315
351	382
537	450
394	272
359	374
222	185
455	293
282	156
295	203
278	50
312	319
494	413
188	335
354	184
398	331
380	141
581	491
136	292
301	97
129	442
272	297
390	204
297	17
300	167
271	155
517	399
253	199
251	145
313	89
263	251
125	442
298	9
299	20
58	454
307	181
164	318
409	406
307	23
326	256
73	430
207	338
216	183
186	310
379	334
202	176
234	413
202	229
272	103
349	356
350	435
447	394
297	41
344	121
181	408
275	204
464	426
276	77
338	273
334	296
545	456
304	74
398	410
163	298
294	321
318	184
277	154
464	443
434	410
218	335
285	28
165	267
147	325
468	462
230	212
301	127
216	203
291	183
48	500
506	446
106	417
306	18
384	187
194	229
186	259
296	190
364	475
285	54
372	258
299	53
249	107
306	21
400	261
312	35
289	22
319	322
244	357
300	3
238	427
431	231
313	215
318	39
326	73
287	53
406	404
299	394
320	119
170	425
274	516
287	35
478	500
358	257
332	82
280	49
393	501
298	39
109	389
231	313
458	279
253	137
298	187
227	128
285	189
402	429
235	227
288	44
345	108
458	394
295	313
264	88
320	59
112	398
184	434
404	242
298	7
335	337
521	422
206	461
80	455
330	149
355	174
359	111
348	110
156	457
302	9
328	216
454	272
237	259
370	160
236	153
300	9
135	311
296	388
265	195
399	333
345	175
520	460
364	346
383	416
325	65
178	318
222	207
169	423
399	222
223	509
344	81
368	458
353	423
393	368
514	390
283	129
268	104
402	358
276	314
280	74
323	66
353	103
308	101
357	375
185	469
283	73
517	380
331	326
300	364
301	14
283	458
290	25
320	92
360	245
453	461
300	8
308	428
313	42
305	86
187	478
306	16
300	251
302	73
437	307
292	313
307	86
305	11
312	253
388	488
423	233
350	159
395	169
383	270
400	384
180	364
289	344
213	272
316	71
211	429
331	390
432	287
242	238
294	61
267	218
106	461
300	229
323	273
247	216
312	232
204	370
452	306
367	170
386	395
449	370
367	248
196	244
340	90
419	254
283	62
417	207
365	315
339	461
476	342
295	16
271	256
280	423
302	13
489	514
171	418
331	357
264	371
420	433
281	174
286	26
312	180
300	34
323	113
302	269
468	333
199	183
224	173
419	271
551	451
249	448
291	46
301	23
336	479
95	438
325	399
423	254
328	388
373	242
440	253
291	194
239	227
186	235
366	145
312	52
345	366
261	106
365	211
412	414
321	205
215	222
311	110
481	461
416	222
263	294
503	399
362	197
315	514
300	7
416	490
261	291
193	236
484	336
438	287
211	399
280	97
197	435
148	330
290	261
329	152
239	504
168	519
306	99
302	351
405	512
341	316
308	106
266	312
323	45
216	362
560	468
300	23
420	209
305	106
211	180
284	29
341	242
443	253
225	445
250	272
175	443
176	424
381	196
460	419
285	32
328	390
295	26
44	469
454	413
385	184
263	143
528	503
384	162
300	59
381	340
300	151
513	398
210	161
527	470
348	110
344	403
273	71
312	157
343	203
176	222
418	283
229	222
432	363
154	314
334	274
372	400
411	400
479	394
328	139
309	462
217	235
117	441
336	66
248	202
286	28
337	442
501	353
325	473
300	377
469	390
567	515
319	35
344	254
275	494
394	384
358	448
300	13
313	76
154	442
302	216
448	292
127	337
250	119
395	305
268	414
349	385
357	377
300	384
272	83
336	134
73	490
257	177
304	61
421	456
415	246
437	364
89	405
336	79
205	293
299	62
148	344
269	314
445	459
327	119
261	427
287	70
291	18
283	64
373	233
223	148
387	514
165	235
300	2
317	101
465	434
211	189
300	125
523	388
311	100
321	104
389	428
278	456
303	25
344	128
286	211
298	13
373	234
353	382
198	342
354	343
318	76
408	509
386	284
323	275
198	213
443	377
361	126
245	152
164	474
300	375
274	94
182	365
276	454
217	299
335	69
424	370
146	303
286	59
291	135
353	277
306	259
352	330
299	327
478	365
464	460
521	478
326	497
191	306
324	215
448	323
54	480
287	25
209	191
244	153
329	165
426	486
290	22
307	293
338	180
233	177
351	334
397	235
325	112
246	185
232	248
315	439
241	125
397	267
224	381
332	437
334	132
64	431
291	293
294	159
261	209
257	442
409	494
294	73
399	402
142	300
253	406
371	508
299	4
252	93
284	302
153	363
345	193
270	61
241	110
268	138
397	223
277	301
28	475
339	74
185	464
249	130
167	254
295	16
269	519
393	414
423	450
240	122
165	344
337	70
292	15
280	80
306	15
353	243
286	168
346	149
254	150
292	103
536	429
240	313
316	229
152	488
532	413
198	317
301	51
300	3
318	47
242	132
290	19
294	28
370	187
315	177
234	267
561	460
176	497
308	23
269	83
117	410
412	285
271	73
67	500
254	209
187	341
267	117
273	252
160	385
282	342
415	204
265	70
130	466
493	504
426	229
296	69
155	478
211	235
372	172
310	430
449	385
113	326
300	1
318	103
312	464
563	498
295	218
231	418
238	513
135	460
459	319
109	422
310	336
527	435
343	425
336	167
271	416
302	179
242	217
484	447
290	31
385	362
330	132
393	182
364	477
377	307
318	82
344	193
149	296
412	216
332	360
295	119
149	351
120	508
142	461
314	49
267	177
196	242
414	494
67	448
264	430
299	22
539	489
480	485
299	15
98	400
349	281
248	345
535	492
238	290
324	482
394	229
414	300
327	58
346	130
300	22
155	397
247	273
154	382
332	196
352	125
394	263
174	387
329	67
217	459
298	42
404	473
288	42
438	508
271	148
294	64
347	307
345	169
451	454
224	159
295	20
395	462
324	370
243	254
335	116
293	33
317	39
480	451
279	72
17	512
319	224
239	131
263	288
262	83
120	376
240	119
196	324
332	426
392	267
200	297
333	73
224	490
336	158
429	272
233	181
219	173
412	360
116	500
323	61
387	244
365	235
295	23
301	188
516	434
159	251
308	119
77	468
261	218
69	433
174	410
270	126
405	383
237	164
406	492
285	55
337	86
361	349
265	225
488	379
271	114
532	413
474	385
300	2
378	226
463	416
157	472
300	95
405	345
247	188
274	403
342	251
319	35
132	409
333	126
354	152
516	516
315	150
300	5
313	379
227	513
297	22
335	351
237	165
320	153
230	164
296	122
279	351
323	169
299	10
137	351
298	26
138	379
296	323
287	30
315	145
259	266
207	196
408	247
300	157
363	114
274	64
73	513
300	149
424	225
254	223
240	162
289	160
496	448
348	306
370	183
477	365
288	137
300	42
294	26
306	14
348	278
151	361
163	273
349	406
212	215
301	6
386	175
314	36
319	114
382	388
281	96
295	426
142	344
231	416
146	305
246	111
300	2
287	28
100	410
385	256
411	215
304	90
288	332
348	264
398	191
259	100
161	431
451	278
222	195
336	192
335	173
410	228
270	218
370	133
265	73
273	504
164	435
456	326
135	323
59	476
559	453
230	148
258	204
276	254
255	227
307	67
228	325
247	358
421	228
287	150
30	479
399	410
390	159
243	117
307	199
319	50
165	292
328	55
152	328
487	334
253	428
257	108
318	167
254	175
316	456
346	220
214	311
362	235
354	510
301	26
163	403
225	442
275	55
454	375
328	365
332	138
360	217
279	345
284	67
446	283
424	365
147	436
132	439
369	169
447	472
48	508
260	305
233	258
277	79
232	195
273	454
272	74
334	374
515	493
373	189
87	398
301	123
390	402
554	475
175	316
268	123
176	423
316	41
515	448
275	46
300	40
389	300
302	275
291	20
393	242
353	297
403	209
494	411
331	494
290	335
229	197
565	498
221	207
298	31
318	391
479	457
445	266
273	117
280	62
37	516
205	277
299	22
290	333
296	11
300	10
132	501
327	389
133	399
250	166
198	435
172	390
248	110
442	282
150	452
279	150
224	207
256	184
300	423
374	222
462	472
352	112
310	32
298	116
450	336
263	153
329	308
323	252
251	129
277	79
285	230
215	406
423	489
300	38
206	370
302	247
353	319
414	512
323	95
301	70
411	290
149	338
303	384
201	470
331	169
198	303
175	246
525	506
308	220
286	161
259	151
297	50
347	144
304	257
435	309
439	420
303	13
155	439
341	427
580	517
315	66
259	384
546	457
176	409
280	214
378	147
80	487
307	239
203	509
281	52
334	479
319	299
430	332
295	54
261	183
262	68
514	390
508	403
149	314
296	46
244	153
320	182
301	3
466	458
341	177
259	135
89	381
347	137
275	105
363	348
349	99
197	254
289	209
137	341
256	247
141	448
377	297
262	144
361	245
438	480
279	314
301	27
340	159
390	357
366	160
317	32
332	509
271	229
285	163
273	315
299	17
241	414
384	148
258	335
373	234
316	464
333	292
297	35
212	257
182	274
548	492
308	320
246	256
321	318
300	314
369	216
321	171
231	155
252	513
351	461
305	29
193	210
328	85
338	281
285	83
349	248
524	410
207	401
454	317
380	205
316	36
372	403
300	160
52	512
342	361
331	477
476	393
226	308
303	13
322	49
328	107
328	80
378	187
220	415
404	217
173	319
454	287
356	401
184	510
302	223
336	442
315	62
522	390
290	58
348	198
236	146
321	51
464	414
103	475
246	215
544	484
329	285
315	28
295	13
70	513
306	108
176	497
330	321
429	432
300	15
506	454
305	15
265	73
360	113
509	391
387	184
409	214
346	133
371	158
536	468
271	76
341	104
321	506
255	178
195	298
60	498
303	48
380	401
247	193
102	419
344	103
183	418
287	327
314	36
406	240
315	103
338	287
255	190
363	311
214	196
80	477
319	308
303	36
275	81
374	132
283	36
434	396
298	28
321	75
276	71
419	519
310	444
319	92
429	416
340	199
220	416
300	14
511	437
220	449
303	412
303	54
248	95
187	239
296	137
335	280
387	314
46	445
215	242
287	28
559	463
319	138
297	65
295	13
242	450
393	519
107	412
456	438
278	110
379	230
303	155
410	499
305	60
349	157
216	282
393	319
271	450
131	406
351	511
53	441
244	145
168	510
384	155
133	449
276	96
294	12
265	259
356	119
227	159
331	135
342	126
307	17
303	65
384	403
234	345
254	207
125	506
285	53
368	226
369	254
352	130
302	86
355	280
300	5
283	455
280	125
212	236
298	329
460	430
374	300
364	160
351	197
187	204
297	62
578	513
117	391
435	391
473	398
255	117
511	399
256	288
412	235
269	60
125	311
343	99
381	489
299	9
343	216
226	161
351	243
257	82
253	83
153	376
338	306
301	218
319	143
219	464
200	478
325	488
359	107
177	229
300	97
284	74
297	49
356	107
410	439
478	326
316	145
312	166
491	339
437	442
406	494
357	470
328	366
305	16
186	319
347	197
253	308
227	244
471	414
289	42
331	513
401	254
287	52
390	229
369	166
332	265
381	235
332	195
497	442
297	11
439	363
218	225
208	371
254	222
219	380
434	453
246	203
382	386
241	229
291	263
105	442
449	357
142	485
312	35
361	208
373	443
22	487
310	29
128	403
403	479
406	247
241	416
299	17
362	142
426	505
340	169
117	439
322	222
294	468
540	495
515	435
302	41
317	164
496	435
314	42
271	448
203	350
308	316
405	354
205	351
386	348
195	222
361	175
218	170
246	125
304	11
349	227
361	132
252	244
309	21
240	460
315	86
299	99
399	192
343	78
159	269
409	432
232	159
239	518
222	247
356	100
301	80
205	214
322	513
247	185
304	22
284	86
297	7
324	99
495	400
285	169
107	455
213	208
486	487
349	188
211	157
233	449
224	266
279	46
237	493
308	29
397	453
188	218
292	27
392	323
358	267
220	193
187	474
280	393
304	65
291	40
391	382
238	372
269	305
211	189
271	195
239	280
239	225
192	256
172	441
256	309
181	258
164	331
82	462
386	482
333	379
444	276
388	366
159	471
305	86
354	105
195	419
329	152
386	206
209	346
266	185
364	436
295	27
153	274
322	231
289	474
222	429
388	476
427	321
270	377
118	444
354	495
368	304
349	276
258	91
351	389
373	186
120	390
470	316
428	344
425	267
276	68
310	157
256	138
500	429
496	367
265	428
299	4
396	193
375	151
361	144
405	287
317	343
320	392
304	24
226	354
307	127
407	498
229	493
101	515
319	267
353	411
247	107
474	312
294	13
215	358
383	288
300	24
428	425
487	421
474	440
429	467
299	145
205	209
208	494
435	462
277	149
299	273
480	440
268	422
248	129
315	72
236	172
296	468
499	415
431	342
307	39
244	158
250	138
281	80
287	204
399	347
175	253
278	47
356	185
255	357
417	301
219	461
346	93
393	212
447	482
291	99
167	500
245	261
236	359
323	48
294	405
262	207
213	387
480	371
231	313
191	334
213	161
51	436
254	440
272	424
208	472
330	66
450	263
348	453
292	38
307	499
470	510
324	43
168	468
318	92
100	513
321	134
262	217
328	241
437	367
292	304
364	125
181	212
418	341
295	202
300	2
263	192
344	88
294	338
284	489
187	229
420	280
300	348
252	377
313	30
452	265
437	461
344	96
399	240
399	463
311	354
514	441
319	54
288	54
243	330
381	402
305	377
381	203
557	507
387	235
411	400
381	270
442	483
410	196
177	333
455	326
344	96
504	363
241	166
243	266
250	138
163	293
292	37
300	12
363	265
209	314
138	332
251	461
376	372
309	80
159	258
177	346
328	316
350	463
277	481
284	41
171	321
342	116
212	392
348	393
58	486
303	280
315	216
204	351
126	318
262	503
277	356
299	516
71	455
300	12
329	99
406	491
348	395
267	160
286	270
142	461
476	471
156	289
203	180
302	27
348	127
145	408
318	261
318	40
310	169
314	391
156	264
291	84
431	348
248	277
316	31
318	104
254	98
198	206
397	504
240	207
300	19
417	455
466	491
303	12
253	104
316	48
342	390
199	179
534	474
283	194
377	170
386	244
373	179
346	195
357	175
459	304
228	423
302	209
157	469
317	517
395	359
160	425
288	158
246	361
248	365
319	267
332	58
339	357
430	508
209	348
213	253
305	254
527	448
432	410
295	299
317	93
251	113
424	252
338	133
358	283
306	73
258	188
406	204
245	136
186	320
363	449
368	244
326	498
303	21
255	476
231	123
303	22
102	468
351	413
222	267
250	133
393	327
288	405
299	158
223	136
342	108
189	307
212	182
357	423
322	266
164	403
492	433
344	477
330	91
314	67
316	73
183	514
220	209
311	112
321	49
521	477
389	158
489	391
207	244
263	120
362	138
274	148
347	396
494	483
461	389
303	194
235	320
319	35
455	474
295	101
311	404
326	70
431	251
219	296
249	313
300	56
109	452
311	39
276	122
258	220
347	214
398	258
284	35
351	364
297	51
225	294
359	251
212	490
355	118
171	448
287	41
349	410
129	487
321	67
253	384
130	492
326	269
284	48
243	132
113	450
267	170
302	154
364	301
318	93
324	267
233	462
198	223
428	301
314	61
312	26
111	352
387	405
386	265
536	510
223	174
284	93
264	83
572	482
245	222
309	142
368	120
314	115
358	290
275	190
252	164
136	372
307	51
236	162
282	467
188	456
144	283
239	358
559	458
301	153
151	518
43	513
281	134
240	117
300	12
320	282
171	301
293	201
143	409
287	310
380	246
314	327
315	132
317	410
520	494
421	258
221	321
531	422
460	348
505	493
251	93
221	164
272	155
489	376
352	99
301	66
301	15
92	515
281	88
298	399
172	366
283	31
393	274
324	92
566	507
527	442
414	235
269	85
266	96
273	430
292	22
291	61
338	119
351	94
273	247
148	515
182	306
323	150
114	515
435	272
530	474
379	418
326	472
246	391
276	63
305	262
209	398
293	46
200	204
300	394
106	461
150	320
289	36
54	444
300	164
512	435
276	195
478	351
176	317
324	385
383	238
337	93
301	8
171	507
198	229
345	210
165	313
458	454
315	46
324	59
439	276
366	153
217	152
331	278
305	128
365	170
265	71
321	249
355	207
331	239
225	182
262	89
287	247
277	319
325	516
157	514
327	105
531	451
566	493
309	44
218	183
316	300
152	497
42	508
349	335
209	287
464	390
418	381
277	169
371	167
230	266
389	257
312	77
61	464
254	164
399	186
196	471
286	97
342	99
299	367
348	509
268	72
286	393
342	215
368	314
336	295
373	204
307	218
320	206
274	115
394	183
516	494
135	384
453	518
148	423
270	87
259	85
254	410
477	461
298	137
426	274
217	274
360	367
250	132
227	178
247	328
313	43
369	229
161	486
319	205
171	386
295	24
419	300
97	478
253	253
279	144
310	308
488	383
309	142
318	37
525	415
384	332
365	121
300	178
271	92
357	143
127	514
263	391
178	266
392	193
300	9
156	397
69	437
277	129
302	138
323	186
115	340
439	365
327	67
293	208
366	239
263	214
343	354
376	499
322	425
385	178
225	366
297	30
320	183
245	185
236	270
290	300
532	513
339	358
78	423
380	307
424	274
197	459
298	191
297	178
478	390
293	318
171	458
45	480
451	297
118	468
325	88
539	451
342	311
316	219
206	325
465	300
322	44
369	167
384	277
158	284
256	274
478	465
200	496
250	281
371	357
305	15
266	115
260	89
236	285
187	277
235	190
311	234
319	498
433	334
312	198
290	94
374	216
487	365
341	80
245	312
283	69
318	111
124	352
363	119
374	204
426	247
341	105
323	88
301	211
240	318
186	372
188	457
424	243
216	150
362	215
185	366
389	453
302	150
278	116
80	384
280	69
446	496
401	334
274	126
186	232
305	229
178	358
429	504
383	159
302	7
293	102
380	194
303	36
436	480
331	234
275	73
273	239
133	312
397	271
227	343
274	244
239	352
301	14
351	481
95	392
279	67
249	234
411	254
204	413
194	361
325	83
297	54
317	108
49	478
522	442
424	446
472	395
314	64
166	489
301	468
123	436
405	243
323	66
327	61
230	209
349	389
303	13
348	207
288	313
263	128
307	70
316	487
392	258
343	93
237	112
138	304
337	441
306	201
327	293
524	427
256	163
263	189
225	158
280	78
318	71
373	330
312	48
262	151
332	96
485	480
314	254
337	67
241	226
227	226
327	168
149	415
326	61
227	172
338	96
234	440
229	411
143	321
557	455
357	432
399	303
298	158
149	476
75	435
295	11
246	125
268	117
302	48
357	497
393	178
354	101
292	257
357	468
234	353
233	179
237	248
361	504
461	301
325	246
295	46
188	433
291	90
298	59
352	483
395	181
338	152
520	472
232	256
226	377
166	508
231	391
279	51
212	315
374	312
266	258
328	74
168	472
298	7
284	119
286	260
357	103
316	41
334	69
267	99
300	5
320	53
250	209
319	165
239	145
161	392
56	481
247	137
424	250
285	103
288	26
226	359
288	142
351	174
261	223
415	220
50	461
287	283
342	456
311	123
361	138
247	293
235	216
42	458
321	107
111	364
392	235
186	301
339	486
353	146
502	481
358	235
254	130
279	91
232	397
490	351
269	91
190	409
360	429
301	447
239	111
316	73
280	114
292	207
357	314
425	241
270	171
230	433
300	54
202	425
375	259
313	49
261	259
308	28
171	430
273	204
421	494
254	100
302	37
249	301
235	258
286	167
81	418
159	268
224	386
530	421
493	358
338	67
531	413
113	390
301	5
446	391
110	461
299	4
394	362
387	202
320	37
300	2
207	519
409	287
323	140
322	65
369	246
285	291
262	281
512	401
86	411
268	494
213	237
321	471
243	257
194	340
214	232
230	508
100	426
300	2
208	356
254	189
424	306
312	162
91	382
356	352
144	279
134	507
554	494
324	60
335	65
301	174
342	379
305	78
297	260
343	487
201	281
218	287
296	12
219	475
301	172
300	2
400	254
135	354
272	156
326	233
305	294
237	151
157	379
308	106
437	326
178	220
424	263
120	380
283	415
298	36
285	214
309	99
316	422
300	9
215	171
375	173
247	240
321	80
116	438
475	514
215	261
358	309
323	147
67	429
279	122
243	358
300	13
364	144
285	93
334	127
377	394
235	317
281	70
414	402
394	257
338	169
292	74
488	366
225	182
318	432
347	177
336	102
449	316
265	62
315	487
279	284
301	433
254	354
224	217
340	73
304	15
305	11
266	80
144	275
315	366
340	86
300	60
381	275
288	28
321	75
378	138
252	115
117	350
156	257
258	219
522	500
260	445
290	486
403	201
291	132
287	80
286	202
296	280
299	52
200	373
399	350
214	199
130	374
237	138
356	282
178	285
288	42
111	362
394	408
430	429
432	417
286	226
305	10
301	85
288	78
185	207
270	132
300	152
323	44
369	286
285	56
359	203
380	193
346	88
430	458
107	397
293	20
266	150
177	323
171	445
300	178
58	512
366	238
570	471
277	434
260	80
238	397
343	113
464	507
289	54
300	26
301	32
332	204
235	411
306	38
308	270
139	309
191	483
517	428
302	83
324	63
330	72
313	44
272	489
483	345
233	291
221	186
398	431
307	290
391	198
416	280
413	218
256	341
339	86
195	202
300	9
311	25
219	332
300	2
329	287
300	123
205	238
304	426
356	140
282	64
262	113
458	437
296	9
311	155
444	266
290	336
262	377
464	328
300	3
352	209
272	445
300	195
328	86
243	227
113	375
319	37
283	119
214	283
226	503
380	239
306	25
300	1
184	363
307	140
304	72
445	256
350	452
378	313
240	190
288	247
324	368
300	12
273	92
180	345
386	331
270	112
461	479
361	172
284	33
137	413
347	105
257	118
515	503
303	17
480	401
458	403
261	274
197	374
294	443
320	157
279	278
387	228
131	307
268	222
281	67
204	209
298	11
201	202
376	284
301	47
401	183
287	178
341	352
221	150
216	419
378	470
381	304
349	203
253	121
474	481
328	239
294	85
368	275
250	122
338	86
165	370
480	335
327	278
321	42
277	71
287	37
332	71
307	336
161	429
242	257
185	354
290	170
331	248
279	146
324	341
170	236
421	437
355	154
369	169
374	228
223	224
221	350
363	366
294	28
224	251
409	388
351	113
357	147
352	394
101	455
314	507
501	372
300	266
390	164
331	101
305	466
356	337
388	379
115	360
295	63
370	284
245	500
227	146
544	504
311	156
161	418
294	95
312	300
302	5
337	435
260	463
295	150
283	260
313	429
485	357
303	13
78	504
259	189
227	128
300	2
458	479
269	199
300	295
263	231
253	401
451	446
457	480
80	453
340	323
219	407
246	475
332	469
300	41
108	396
330	308
143	516
333	63
382	338
337	111
223	402
308	106
317	42
265	110
307	40
362	260
535	423
251	105
250	332
143	465
336	108
507	361
259	86
368	362
426	340
416	339
170	393
349	86
85	476
421	406
543	451
305	150
290	48
531	411
332	324
275	82
187	267
224	219
442	419
153	352
345	318
331	365
397	296
255	450
461	508
341	331
494	448
314	331
173	324
276	72
472	371
324	207
298	219
246	172
452	381
520	476
326	129
280	77
277	377
404	294
303	377
447	320
173	242
253	93
252	218
374	471
240	412
342	115
323	469
211	222
294	57
273	58
338	85
220	266
262	415
388	475
297	49
311	167
269	75
224	311
407	216
340	135
189	347
444	392
336	158
300	2
452	474
207	494
336	149
312	23
244	151
306	19
396	242
387	336
381	195
431	437
372	390
153	387
290	95
295	17
268	141
39	487
300	1
431	313
299	15
281	280
299	8
247	370
312	82
320	73
59	457
231	426
182	422
258	396
295	398
164	338
193	358
177	302
434	370
107	343
199	384
262	140
237	328
365	155
397	177
351	111
228	170
512	474
307	136
140	357
424	275
289	55
306	152
363	215
281	316
493	413
301	10
264	355
456	462
237	375
218	250
399	230
283	397
353	193
314	107
305	27
384	208
308	102
262	350
337	94
279	42
442	495
298	233
224	140
192	490
318	77
308	22
405	438
282	149
321	388
308	77
299	280
339	431
30	511
311	443
215	342
249	210
262	266
99	440
171	454
308	80
310	471
61	433
203	215
270	135
261	80
302	37
390	450
169	492
173	258
232	451
301	87
567	515
214	312
327	158
271	117
297	72
178	245
320	132
337	136
483	488
471	410
264	396
391	346
278	156
395	167
247	193
409	486
243	171
309	269
367	199
204	261
119	316
262	116
256	93
156	375
358	242
451	513
459	416
314	85
169	250
322	392
502	401
37	466
394	184
72	488
223	517
265	358
313	46
173	227
315	128
323	95
314	146
187	313
275	362
296	207
295	140
342	87
301	42
131	296
249	293
256	336
340	316
344	112
297	40
302	109
166	237
302	500
318	230
263	306
343	175
274	346
210	249
150	371
315	99
84	394
343	438
302	24
285	120
443	493
282	78
525	482
208	349
303	55
394	469
342	479
192	298
121	371
225	331
64	414
275	155
475	490
88	503
347	208
231	206
426	378
136	419
198	378
327	158
420	512
278	48
554	512
213	272
502	475
359	339
308	507
350	255
214	354
174	351
69	474
282	301
244	248
252	254
289	59
128	353
226	284
300	6
162	360
232	199
238	357
355	400
296	15
131	477
296	384
295	35
292	87
416	316
280	314
319	84
246	261
191	306
251	203
283	424
273	62
283	66
288	82
232	287
161	501
300	8
382	308
123	455
193	255
420	213
189	214
154	376
385	221
305	27
433	375
479	437
356	419
469	319
225	202
208	239
335	85
333	300
342	142
343	424
36	471
426	392
416	257
341	78
349	184
414	493
326	196
151	373
411	457
218	337
135	306
400	319
101	453
174	294
388	190
361	504
228	127
232	403
136	390
177	308
161	280
433	420
305	118
288	34
413	278
300	87
322	125
251	219
288	23
289	71
154	446
362	412
321	150
265	238
296	112
300	79
417	484
223	153
73	466
300	259
264	190
291	105
421	242
298	155
300	68
224	149
271	508
343	354
470	514
368	145
443	417
300	1
286	106
405	309
271	139
324	151
269	293
375	206
353	137
496	386
315	29
266	98
356	184
279	184
171	228
355	404
300	459
241	443
417	276
413	365
128	510
273	390
283	67
300	155
110	414
244	442
300	2
413	379
259	457
245	384
265	84
299	214
428	514
245	468
297	121
499	383
74	491
322	56
369	185
522	401
316	386
437	292
421	356
252	403
299	60
489	504
445	447
281	195
387	391
203	282
290	49
268	71
146	305
150	519
295	369
298	7
289	69
365	124
395	256
504	378
408	344
236	340
266	100
308	41
377	256
317	256
283	146
497	397
307	20
212	157
303	18
480	406
99	364
433	439
286	132
278	72
139	519
354	274
289	351
205	263
341	345
354	200
94	416
338	127
280	81
422	214
295	73
164	419
407	431
409	326
401	455
136	426
369	151
506	379
305	34
129	384
581	512
425	314
166	324
54	500
233	344
98	469
335	185
420	246
217	183
549	471
211	165
240	276
203	195
436	372
414	237
450	378
275	59
276	69
340	73
115	391
399	447
301	4
290	266
300	467
150	271
212	324
312	304
143	334
13	500
302	89
241	351
409	254
303	120
481	499
300	277
306	15
292	38
263	109
195	508
354	408
242	112
294	67
243	197
334	71
204	364
300	24
287	114
321	38
515	395
164	468
362	448
305	209
311	53
295	11
236	132
322	374
112	422
204	227
123	346
341	90
285	41
275	96
265	426
216	281
311	63
398	223
281	216
280	41
263	152
266	238
299	119
246	440
355	403
285	142
207	188
486	347
312	305
358	113
246	132
132	396
230	214
258	272
298	35
324	130
300	40
314	59
245	111
297	83
344	85
255	487
207	405
363	335
294	82
490	370
475	317
475	308
402	390
306	165
382	513
222	167
293	27
442	278
277	239
269	240
258	76
114	390
330	294
404	379
300	4
374	277
300	29
309	172
418	448
521	404
268	432
483	360
72	439
358	413
250	110
288	27
267	136
437	408
396	415
282	76
198	328
301	12
250	353
376	408
327	54
346	84
300	332
394	222
213	431
359	273
334	283
243	261
258	104
394	432
75	465
313	186
489	437
260	511
220	206
238	314
300	6
346	322
359	242
227	168
513	429
349	122
370	125
326	111
352	481
291	56
374	171
252	272
294	14
290	163
206	199
377	202
505	470
362	130
321	50
289	36
260	319
300	19
289	21
361	114
153	408
300	86
451	279
334	75
371	519
394	279
238	255
139	360
300	6
295	84
430	514
293	14
326	137
216	173
236	493
395	299
365	370
392	267
424	252
367	170
467	458
317	112
213	239
405	519
223	249
261	305
360	122
229	132
539	425
287	108
211	209
300	31
376	158
480	400
303	11
312	37
361	254
258	248
526	397
164	239
27	474
479	490
86	394
194	393
415	206
379	270
359	482
478	377
349	220
266	73
78	468
290	40
541	481
300	3
273	151
158	364
204	297
511	454
189	503
216	280
274	158
320	80
357	125
348	193
424	261
328	145
294	123
206	413
231	190
41	507
442	259
434	333
239	268
278	137
312	307
226	402
394	264
292	135
313	477
298	11
298	28
359	115
185	226
362	186
313	444
133	323
248	262
348	331
298	158
37	512
335	67
141	467
494	452
500	388
283	48
327	86
324	435
29	496
224	235
395	404
58	500
536	476
233	151
328	170
105	391
246	255
433	429
288	349
311	37
140	344
142	315
280	57
313	28
143	446
238	188
363	144
318	360
155	285
143	371
324	89
395	315
557	515
364	202
289	206
300	11
211	184
241	155
426	503
433	281
210	396
257	269
280	145
274	65
345	138
205	311
326	48
329	242
295	294
250	122
135	397
246	430
266	244
326	353
326	101
224	145
394	189
420	510
278	40
480	440
298	60
93	514
142	488
278	279
298	455
343	109
160	345
365	449
252	261
289	21
244	131
435	386
279	152
359	415
406	367
490	342
89	494
455	403
440	494
216	173
80	486
180	377
435	437
148	339
412	225
201	429
284	287
302	99
334	88
206	169
253	211
280	111
462	420
314	280
349	416
310	87
314	29
219	248
313	181
133	341
327	110
287	181
267	241
354	164
238	109
315	219
497	346
349	115
245	246
323	43
499	414
294	249
348	514
301	21
262	121
268	457
414	278
294	59
360	179
300	109
272	72
359	368
291	334
205	222
429	343
424	218
386	243
281	216
237	114
214	181
224	237
300	244
399	496
283	190
296	11
264	234
262	214
444	287
192	403
357	177
122	428
154	351
301	69
459	417
264	182
64	463
429	367
295	15
255	101
551	468
250	164
497	358
341	398
117	334
369	171
300	2
394	379
179	479
316	188
509	376
331	492
221	220
239	392
387	253
301	58
293	99
259	229
304	39
517	448
61	507
297	10
126	403
300	40
198	191
304	121
254	169
373	145
316	38
290	97
305	46
225	252
461	405
282	86
279	101
351	151
373	224
254	169
323	388
344	111
192	420
70	406
260	80
389	182
283	170
287	414
449	260
366	241
235	183
331	130
239	151
232	125
174	393
146	493
184	293
198	269
294	172
339	233
308	82
397	190
287	232
343	208
231	132
481	339
156	351
297	18
436	368
445	442
296	96
350	267
340	345
307	39
352	178
300	1
186	315
597	518
193	491
292	22
290	213
378	147
203	201
177	478
314	358
425	467
300	2
193	385
228	512
374	468
442	477
392	242
98	446
285	211
313	119
266	80
272	250
328	442
301	6
268	211
357	323
472	374
178	362
324	201
249	126
229	438
213	338
360	478
363	226
322	118
462	313
331	80
356	108
240	167
345	241
315	29
197	255
502	395
257	261
415	247
211	251
315	108
258	90
32	471
305	22
308	191
300	2
354	423
414	395
388	377
111	370
186	511
234	302
263	191
288	49
199	437
247	185
328	50
276	230
373	242
303	15
321	66
35	507
68	499
562	475
558	465
225	146
412	347
499	435
550	467
34	513
300	204
407	221
180	487
345	104
292	92
171	242
344	222
187	313
466	472
265	273
83	509
204	385
312	235
373	302
291	73
8	512
439	397
435	428
319	57
203	234
323	285
45	507
363	435
257	166
313	36
85	397
67	511
283	93
81	388
246	159
405	480
185	217
325	281
252	231
247	494
310	35
376	133
313	457
332	178
296	9
439	390
99	400
250	403
291	418
217	169
300	1
133	319
419	416
324	133
296	435
472	351
186	220
236	156
296	150
155	390
349	218
294	54
136	446
146	508
280	170
229	205
369	132
326	76
139	301
573	505
289	36
175	504
470	402
282	509
180	360
397	248
109	431
220	276
281	308
301	72
402	463
284	212
227	483
365	211
10	513
291	126
190	364
75	402
326	483
254	293
292	78
144	294
86	457
352	382
456	409
34	496
279	40
336	112
322	244
216	367
371	274
182	460
169	242
296	301
233	417
300	2
295	287
364	325
289	156
333	142
535	513
453	397
317	130
475	355
290	26
235	178
368	330
353	277
376	183
359	130
206	306
235	194
348	121
440	284
423	500
95	372
410	221
418	401
245	121
270	156
298	22
297	55
252	87
323	505
269	61
529	484
453	312
506	510
432	337
175	259
353	488
507	518
310	120
300	4
292	73
273	81
78	462
331	69
205	361
300	5
292	19
247	210
283	170
525	396
329	318
157	376
382	438
316	458
485	391
475	490
293	148
245	130
277	142
282	85
280	323
341	371
295	386
141	371
284	77
223	432
373	161
267	69
524	470
113	512
332	79
365	309
410	247
393	440
199	293
86	388
291	68
125	327
524	403
376	488
219	419
281	64
452	470
378	289
357	269
280	228
327	133
277	108
73	512
303	12
305	24
296	59
368	356
303	9
213	255
321	310
243	132
140	329
150	442
289	35
218	422
342	184
292	229
445	312
185	316
358	195
295	90
384	423
356	191
378	283
300	70
281	205
62	467
233	352
294	14
262	104
300	11
203	209
357	338
381	485
373	218
343	151
32	469
403	478
328	119
352	420
299	13
283	92
131	457
221	258
237	261
228	284
311	23
284	45
165	301
381	389
594	519
311	153
231	457
196	407
305	61
226	265
305	22
151	403
66	517
511	412
490	394
451	433
115	448
218	450
331	65
518	509
303	25
302	43
356	324
373	419
303	151
275	240
447	493
354	238
109	359
353	147
278	426
225	461
325	107
247	414
247	120
406	454
264	354
298	339
264	271
236	204
291	55
345	274
232	164
330	260
303	14
299	17
186	462
132	455
323	49
312	412
215	448
376	150
360	138
475	319
222	299
361	154
382	455
149	375
263	92
444	365
187	463
335	194
274	101
525	403
230	298
459	361
369	223
411	207
559	496
464	403
257	130
226	353
413	280
204	227
267	93
359	120
293	27
293	107
308	30
300	1
284	359
83	410
281	92
347	108
265	88
339	369
230	285
300	484
149	374
138	301
238	275
69	462
301	4
442	326
313	296
351	167
172	417
290	311
493	448
371	224
315	28
297	22
308	30
323	177
392	484
332	69
78	462
329	382
259	385
478	409
148	429
403	515
197	518
442	456
490	364
312	23
281	178
498	385
261	329
205	208
501	482
398	216
257	76
347	312
240	170
195	517
249	99
238	430
328	228
309	20
430	506
386	351
296	178
198	280
300	59
342	330
392	227
295	48
298	8
527	418
262	235
438	371
323	335
392	200
300	271
140	323
275	132
177	472
173	328
249	419
295	135
295	131
166	276
331	96
105	377
383	200
347	348
461	280
268	164
102	490
360	182
300	2
320	137
283	183
305	314
218	150
395	191
219	319
249	156
350	277
239	125
98	510
115	333
147	280
375	491
416	346
320	302
217	431
109	333
335	72
451	410
338	510
421	512
496	368
315	112
421	402
165	395
300	20
400	306
344	277
104	487
300	2
334	470
295	157
272	65
312	48
306	348
335	112
394	425
494	373
423	248
573	483
419	479
297	77
314	34
254	99
451	506
393	294
537	517
431	299
150	343
221	400
302	86
325	348
316	118
335	238
309	30
231	159
302	115
348	184
485	505
300	6
275	131
300	2
271	370
240	150
350	204
348	186
310	77
255	107
268	104
387	262
299	5
300	3
307	88
62	455
176	399
292	60
379	258
271	206
336	101
180	297
221	260
321	517
308	318
217	277
111	439
486	332
429	274
237	474
404	203
393	191
276	213
249	245
273	48
379	237
452	319
260	150
263	441
226	260
340	473
287	85
431	306
234	142
467	328
299	28
482	425
399	177
186	242
111	394
331	299
299	299
100	376
343	206
102	408
140	302
294	442
251	126
352	107
426	286
303	10
154	254
356	306
303	43
193	508
254	139
394	207
349	241
289	94
300	1
426	472
300	2
389	348
248	261
357	190
532	473
348	338
483	511
256	143
327	219
407	429
297	101
132	451
205	196
369	207
236	218
306	19
233	146
462	332
116	475
96	359
386	339
317	170
347	92
418	456
235	145
305	43
420	495
465	375
423	265
386	301
219	288
411	385
301	22
270	226
271	80
277	70
392	220
356	309
264	118
363	235
195	262
419	351
320	44
289	26
209	442
307	62
164	398
588	512
89	372
300	331
456	496
305	132
304	60
83	418
331	491
353	290
170	329
232	269
347	209
180	216
131	300
135	465
280	261
353	143
339	112
297	34
255	321
326	199
277	112
274	113
380	260
328	54
363	299
227	453
296	11
211	191
377	499
300	2
298	71
263	303
300	290
489	434
315	67
263	287
427	461
448	327
82	394
447	469
448	465
182	379
308	267
265	380
342	237
379	388
215	318
200	412
324	222
518	447
181	301
235	166
445	363
244	302
115	448
280	448
296	491
349	163
279	74
336	305
307	349
339	249
413	418
288	48
206	187
264	145
312	446
178	413
262	267
315	138
14	511
283	68
236	177
365	397
366	236
362	209
69	414
267	254
530	433
73	505
309	22
248	505
251	224
467	445
238	482
314	144
112	339
242	106
279	149
414	496
260	287
449	261
103	385
305	171
329	271
268	371
58	504
434	337
267	139
300	7
365	324
230	364
65	443
171	498
258	84
198	513
395	196
420	500
311	22
496	345
262	181
260	319
264	174
249	351
330	177
141	464
299	3
349	230
265	75
276	68
276	157
157	354
412	242
255	339
275	187
265	174
421	216
460	301
406	191
296	178
514	516
286	244
260	89
293	97
276	50
236	410
335	64
318	267
245	262
510	435
287	36
389	357
292	16
255	96
484	377
247	203
197	205
435	331
300	17
343	233
353	304
298	7
161	434
292	19
324	242
318	153
297	91
355	315
363	299
304	28
213	409
409	298
61	506
241	324
348	314
343	150
163	358
307	44
382	455
127	480
222	285
263	75
220	174
325	46
184	239
318	73
519	419
327	113
240	153
245	326
291	22
481	488
228	351
188	320
198	423
459	414
313	194
480	326
393	392
226	162
299	500
469	319
324	224
329	131
30	519
493	353
307	88
248	221
532	410
333	193
143	296
462	414
518	420
357	179
216	448
419	502
254	154
298	101
224	214
329	85
257	190
347	169
213	172
229	328
294	156
63	451
382	328
157	393
15	502
157	327
474	358
271	411
385	203
300	4
412	501
586	505
246	229
303	404
294	481
182	446
352	334
281	160
328	202
324	260
520	442
280	279
203	257
253	157
366	374
264	81
183	278
286	93
543	423
331	299
424	279
452	509
126	313
237	305
411	271
356	313
204	180
285	423
447	313
266	124
282	107
364	141
158	481
254	336
487	490
372	212
248	125
335	502
220	235
257	144
315	69
343	158
295	35
279	45
381	174
295	11
103	404
322	99
476	475
367	398
332	439
272	132
299	46
446	351
269	455
375	218
356	449
214	331
520	498
356	138
281	85
345	301
189	495
248	137
350	513
411	416
303	39
279	42
577	493
196	241
289	189
213	348
221	257
438	399
304	15
284	265
181	395
294	165
556	503
286	26
160	319
322	54
392	195
206	265
322	254
300	2
399	430
300	263
264	125
364	151
394	192
254	177
204	261
133	308
300	442
228	273
522	442
370	134
373	277
292	17
110	409
250	94
448	370
182	367
307	14
164	402
341	114
187	511
223	253
473	471
178	440
146	365
317	344
330	445
256	365
123	392
298	41
301	461
345	510
222	271
312	91
309	74
187	257
235	458
337	145
282	53
528	421
285	33
447	409
405	352
157	405
293	145
298	29
321	54
270	68
74	406
394	229
269	205
337	267
125	461
578	485
300	2
367	176
153	364
414	243
218	290
288	47
167	336
419	228
351	142
318	54
295	16
314	151
395	292
274	190
289	23
300	2
276	79
230	410
331	64
315	196
214	200
285	86
427	494
325	410
336	371
365	147
377	170
366	136
312	62
192	213
103	384
383	200
304	9
302	5
417	373
384	422
281	273
373	156
255	356
153	275
328	189
304	21
313	493
159	341
299	3
286	43
300	332
357	397
324	299
160	300
283	274
274	451
200	373
258	254
335	165
392	455
335	66
335	90
504	383
352	177
331	114
352	503
359	441
253	124
336	339
79	403
405	272
470	467
52	500
418	421
432	317
477	467
287	114
382	305
251	90
390	181
307	377
369	339
113	402
267	95
270	127
287	399
379	173
302	138
255	274
366	231
357	264
307	15
439	256
420	275
248	453
441	278
385	242
49	463
220	442
278	133
347	160
240	125
345	125
312	43
311	103
233	164
361	132
304	146
303	94
188	416
465	293
275	89
367	397
164	430
439	264
286	242
302	94
583	518
343	444
299	31
227	377
285	92
307	213
206	476
303	27
334	339
263	320
351	158
329	127
152	365
253	223
285	178
317	510
281	42
395	212
255	408
261	125
264	242
309	21
313	93
297	9
272	82
478	484
136	341
295	11
329	349
496	450
389	487
123	488
369	139
324	364
233	492
340	449
271	518
283	180
138	481
281	50
350	311
319	232
315	106
424	240
264	372
279	46
239	435
300	13
140	309
338	261
322	179
335	318
287	91
467	387
302	13
186	358
123	324
526	395
365	217
232	222
282	326
242	125
287	113
272	99
431	335
463	440
149	513
529	474
301	43
233	198
305	127
300	13
272	51
323	107
244	352
300	36
301	122
250	217
359	233
185	398
289	139
249	158
353	185
218	493
335	198
159	266
244	367
287	502
100	453
288	250
172	242
590	519
283	204
280	94
538	442
409	221
374	186
302	12
31	507
304	38
69	410
291	104
521	513
270	243
407	226
456	345
337	153
273	280
302	267
209	416
409	443
444	512
48	466
420	224
308	234
482	480
204	519
306	151
406	271
45	515
379	298
286	75
308	254
299	39
316	129
341	487
407	449
307	162
311	56
424	351
34	491
130	407
300	10
293	18
326	72
493	344
144	487
276	55
210	482
393	429
130	390
333	208
305	38
321	101
46	487
338	449
448	310
387	234
223	157
171	400
394	492
366	329
325	446
300	11
346	122
234	318
269	143
377	490
150	459
289	30
340	323
232	158
465	344
319	136
294	50
242	187
399	196
113	511
256	118
341	434
280	68
129	396
199	334
326	269
282	515
348	105
300	215
295	74
65	423
306	28
396	382
269	80
209	318
311	151
352	186
445	326
412	260
193	306
143	396
304	9
225	224
458	474
263	166
276	60
260	132
213	302
300	35
337	406
356	214
109	374
422	388
280	48
250	188
450	350
241	381
344	216
403	230
296	13
475	427
301	468
325	242
213	483
330	270
322	403
293	17
371	175
351	313
328	134
295	96
471	311
139	316
14	509
377	441
300	28
237	254
349	220
322	120
252	139
232	170
354	403
325	451
37	457
323	97
212	503
410	354
404	192
103	387
333	72
370	130
226	135
301	5
451	450
324	64
249	266
453	476
442	281
340	465
185	379
298	155
233	336
488	459
345	344
198	384
169	379
298	5
135	393
311	111
262	170
372	216
314	235
133	341
300	282
281	61
268	216
252	279
272	354
304	65
279	49
351	93
145	519
342	174
216	183
175	485
292	300
316	100
506	445
247	234
247	247
226	384
312	295
188	404
235	197
373	145
357	178
187	307
244	151
346	112
309	34
438	267
313	467
362	168
409	403
273	58
251	112
284	65
290	103
308	114
219	512
428	438
119	487
301	189
310	30
354	277
555	471
258	310
263	242
329	186
358	402
168	420
265	261
118	325
270	411
238	142
387	403
304	94
45	485
336	144
313	124
222	251
305	15
281	35
281	35
389	407
349	398
223	461
248	228
321	209
295	54
292	375
409	267
246	328
295	11
540	455
365	313
397	207
374	151
238	232
281	254
338	278
377	153
309	54
285	35
272	366
260	288
300	2
354	124
276	220
250	191
312	49
346	239
302	80
229	477
299	5
123	484
277	238
206	343
297	190
79	439
203	374
274	51
257	220
338	336
376	507
426	226
281	197
202	519
344	328
123	461
370	386
377	483
381	158
418	340
258	117
295	18
185	263
300	12
210	265
327	189
501	386
321	64
271	491
406	190
299	448
304	95
346	112
251	224
367	211
310	128
355	300
349	111
462	300
300	2
435	455
489	473
264	105
289	436
362	208
171	270
317	33
285	61
225	229
405	421
274	444
464	377
209	162
167	288
118	332
236	321
151	505
381	143
268	286
270	224
233	378
357	207
405	277
505	382
546	499
348	146
222	248
330	390
255	255
520	384
384	369
275	80
106	357
407	307
166	296
191	326
406	392
213	263
368	316
486	398
219	401
388	439
145	442
274	80
272	73
300	497
320	67
390	228
270	121
466	378
369	461
310	149
51	519
309	17
138	464
297	52
129	412
338	93
60	426
292	388
362	113
327	119
448	399
172	300
265	81
328	99
314	45
287	244
349	402
299	9
145	329
236	295
300	74
314	47
304	9
337	91
274	250
319	154
198	216
370	317
559	499
166	448
275	371
312	499
319	41
280	88
342	169
248	190
370	217
577	493
186	335
307	404
252	420
260	268
415	214
318	73
334	131
501	385
429	298
195	466
284	344
301	248
469	470
298	183
350	112
217	428
312	35
329	93
65	447
280	449
227	207
529	426
457	516
452	355
355	244
286	122
314	233
174	376
300	2
370	329
326	55
297	59
288	102
274	131
458	283
336	183
379	371
342	104
297	225
318	94
266	482
316	128
426	345
220	287
222	431
386	151
238	219
370	136
330	428
221	203
351	190
243	193
426	250
434	421
433	413
370	124
257	239
370	448
143	348
276	410
295	88
157	298
199	470
561	519
171	327
349	97
352	289
223	291
168	236
305	15
272	138
409	201
290	180
403	398
421	274
395	242
169	354
247	428
328	461
308	20
113	406
492	449
437	359
385	159
242	136
299	41
150	277
273	105
128	392
308	261
302	44
185	404
275	158
310	461
322	100
231	487
300	92
294	15
298	18
509	373
136	312
492	440
447	428
290	487
392	164
289	26
381	483
134	401
131	402
439	263
342	322
355	167
104	501
501	442
43	484
258	295
335	392
245	218
136	374
370	509
329	57
149	430
291	30
316	57
439	382
195	213
316	44
198	371
372	162
377	285
328	272
470	397
287	227
485	343
365	163
323	193
283	110
295	157
486	326
104	427
306	72
369	195
222	332
268	276
132	397
505	392
300	32
135	417
358	171
295	41
430	375
486	335
340	448
251	517
325	75
229	486
241	119
294	89
408	347
176	393
309	201
167	443
177	366
291	43
297	34
402	323
116	331
463	313
122	487
269	67
255	224
273	145
124	455
322	350
281	93
407	461
336	265
254	213
95	400
284	287
420	287
287	82
489	513
332	169
292	150
295	18
461	300
341	199
314	114
100	358
132	368
405	188
350	205
135	502
310	139
120	338
237	442
301	16
285	33
146	512
300	2
420	330
162	261
374	332
129	330
189	275
253	108
405	233
331	73
323	41
130	428
298	10
334	127
432	331
194	248
141	373
146	398
237	412
385	293
305	419
104	384
307	23
271	117
297	125
282	75
357	174
404	196
251	212
112	487
420	481
156	355
300	10
293	108
353	192
428	408
541	481
331	66
389	271
366	365
446	296
285	58
272	258
308	353
56	507
356	242
434	456
296	45
204	218
161	422
276	416
405	347
309	110
82	490
271	344
93	477
374	203
201	341
315	44
315	452
560	507
274	364
272	388
301	191
272	85
379	143
444	351
206	216
284	88
374	248
180	224
458	438
375	279
335	80
189	418
291	257
250	318
288	93
284	153
136	300
177	248
262	139
250	196
284	93
297	23
221	192
308	21
274	95
339	85
322	146
320	109
286	64
434	333
347	91
81	393
237	141
295	187
298	12
448	386
76	423
321	142
402	229
497	519
107	353
418	302
289	123
300	201
301	4
92	402
185	254
235	150
327	123
384	277
337	261
416	390
305	75
257	114
332	326
55	498
396	289
122	481
302	367
302	40
291	54
489	331
412	274
334	272
359	105
395	194
313	280
196	225
254	120
331	77
323	48
490	445
95	416
331	191
97	465
306	24
342	484
323	50
255	471
285	319
272	57
450	262
385	328
306	410
142	448
267	407
373	493
366	455
285	60
72	480
435	280
96	462
295	31
151	392
242	377
360	394
245	119
271	158
171	309
351	267
443	432
189	279
280	131
295	69
158	265
248	253
340	79
300	154
273	67
381	165
328	319
306	319
298	31
425	518
335	72
330	280
172	425
291	67
306	16
394	320
363	491
533	466
315	312
272	59
280	123
354	258
498	444
449	272
484	493
217	173
248	313
288	86
425	225
321	42
350	91
290	23
305	83
311	102
353	235
229	297
175	410
377	212
263	257
299	6
306	179
417	507
197	231
436	504
258	434
309	136
358	397
336	67
260	414
297	76
356	146
300	2
360	472
367	306
380	362
243	511
417	343
298	449
481	354
429	397
152	501
162	328
450	322
115	416
342	365
424	222
242	445
270	97
300	34
84	470
412	255
301	15
369	228
262	158
111	414
353	101
342	248
203	467
504	364
319	41
320	152
392	179
36	500
206	219
300	42
257	213
214	209
507	456
273	81
300	50
301	54
206	264
189	232
359	323
333	203
451	392
393	187
342	338
262	117
459	386
243	157
195	375
281	94
160	418
336	499
447	353
465	444
316	390
214	267
241	167
429	310
258	291
300	6
266	80
317	436
200	486
280	229
353	130
452	294
352	119
65	502
228	446
259	197
184	492
274	293
402	403
345	119
217	217
134	397
243	127
301	154
272	284
270	143
210	158
204	500
257	442
247	131
341	92
307	48
157	461
333	326
149	441
303	21
324	177
342	500
255	86
109	393
48	486
290	81
233	307
424	296
159	430
287	98
294	178
358	151
374	261
206	224
278	80
328	391
301	28
425	348
387	274
100	423
155	264
312	246
163	240
93	372
317	58
302	68
522	457
283	32
403	193
349	368
185	327
257	298
143	376
316	327
290	318
370	139
498	467
365	294
337	93
259	127
363	182
300	195
143	402
182	364
237	364
410	216
314	86
384	234
447	304
259	180
428	398
238	253
367	481
206	198
509	408
363	158
354	231
305	177
450	491
343	123
155	517